% logfile for Python side
% 1 time (sec)
% 2 Mission state
% 3,4,5 (x,y,h) (m,m,rad)
% 6 Camera frame count
% 7-9 Line sensor: line position, e*kp, control y (rad/s), validCnt
%     Line sensor PID: Kp=0.75, Ki=0.2, Kd=0.08
% 10,11 trip A (distance and heading change)
% 12,13 trip B (distance and heading change)
% 1776426762.1252406 robobot/cmd/ti log 1
% 1776426762.1254277 robobot/cmd/ti alive 2026-04-17 13:52:41.508067
1776426762.1729016 0 0.653 -0.150 -0.082 0 0.00 0.00 0.000 0.000 0 0.000 -0.082 0.0000 -0.0821
1776426762.2183523 0 0.653 -0.150 -0.082 0 0.00 0.00 0.000 0.000 0 0.000 -0.082 0.0000 -0.0821
1776426762.222263 0 0.653 -0.150 -0.082 0 0.00 0.00 0.000 0.000 0 0.000 -0.082 0.0000 -0.0821
1776426762.2734551 0 0.653 -0.150 -0.082 0 0.00 0.00 0.000 0.000 0 0.000 -0.082 0.0000 -0.0821
1776426762.3176937 0 0.653 -0.150 -0.082 0 0.00 0.00 0.000 0.000 0 0.000 -0.082 0.0000 -0.0821
1776426762.3235018 0 0.653 -0.150 -0.082 0 0.00 0.00 0.000 0.000 0 0.000 -0.082 0.0000 -0.0821
1776426762.3740926 0 0.653 -0.150 -0.082 0 0.00 0.00 0.000 0.000 0 0.000 -0.082 0.0000 -0.0821
1776426762.418268 0 0.653 -0.150 -0.082 0 0.00 0.00 0.000 0.000 0 0.000 -0.082 0.0000 -0.0821
1776426762.4235878 0 0.653 -0.150 -0.082 0 0.00 0.00 0.000 0.000 0 0.000 -0.082 0.0000 -0.0821
1776426762.4732773 0 0.653 -0.150 -0.082 0 0.00 0.00 0.000 0.000 0 0.000 -0.082 0.0000 -0.0821
1776426762.5191212 0 0.653 -0.150 -0.082 0 0.00 0.00 0.000 0.000 0 0.000 -0.082 0.0000 -0.0821
1776426762.5242684 0 0.653 -0.150 -0.082 0 0.00 0.00 0.000 0.000 0 0.000 -0.082 0.0000 -0.0821
1776426762.5855243 0 0.653 -0.150 -0.082 0 0.00 0.00 0.000 0.000 0 0.000 -0.082 0.0000 -0.0821
1776426762.6194143 0 0.653 -0.150 -0.082 0 0.00 0.00 0.000 0.000 0 0.000 -0.082 0.0000 -0.0821
1776426762.625134 0 0.653 -0.150 -0.082 0 0.00 0.00 0.000 0.000 0 0.000 -0.082 0.0000 -0.0821
% 1776426762.6295547 robobot/cmd/ti alive 2026-04-17 13:52:41.508067
% 1776426762.6386583 robobot/cmd/T0 enc0
% 1776426762.6389346 robobot/cmd/T0 confw 0.074 0.074 19 92 0.23
% 1776426762.6398785 robobot/cmd/T0 confi
1776426762.6740851 0 0.653 -0.150 -0.082 0 0.00 0.00 0.000 0.000 0 0.000 -0.082 0.0000 -0.0821
1776426762.7195027 0 0.653 -0.150 -0.082 0 0.00 0.00 0.000 0.000 0 0.000 -0.082 0.0000 -0.0821
1776426762.7238066 0 0.653 -0.150 -0.082 0 0.00 0.00 0.000 0.000 0 0.000 -0.082 0.0000 -0.0821
% 1776426762.7454188 robobot/cmd/T0 lip 1
% 1776426762.7464857 robobot/cmd/T0 sub livn 10
% 1776426762.7669919 robobot/cmd/T0 liwi
1776426762.7801797 0 0.000 0.000 0.000 0 0.00 0.00 0.000 0.000 0 0.000 0.000 0.0000 0.0000
% 1776426762.8241642 robobot/cmd/T0 servo 1 -900 200
% 1776426762.8242705 % Objective start arm_down
% 1776426762.825248 robobot/cmd/T0 servo 1 120 200
% 1776426762.8253 % Objective end arm_down
1776426762.8259907 0 0.000 0.000 0.000 0 0.00 0.00 0.000 0.000 0 0.000 0.000 0.0000 0.0000
1776426762.8267198 0 0.000 0.000 0.000 0 0.00 0.00 0.000 0.000 0 0.000 0.000 0.0000 0.0000
% 1776426762.8481596 robobot/cmd/ti rc 0 0
% 1776426762.8699634 robobot/cmd/T0 stop
% 1776426762.8713882 robobot/cmd/T0 leds 14 0 0 0
1776426762.8742456 0 0.000 0.000 0.000 0 0.00 0.00 0.000 0.000 0 0.000 0.000 0.0000 0.0000
% 1776426762.8819275 robobot/cmd/T0 leds 15 0 0 0
% 1776426762.8821664 robobot/cmd/T0 leds 16 0 0 0
% 1776426762.8925781 robobot/cmd/ti log 0
