% IP display service for Teensy
% Version  1234 2026-02-01 08:46:32
% 1 	Time (sec) from system
% 2 	Number of users on Linux system
% 3 	CPU temperature (deg C)
% 4 	% (to help import to Matlab)
% 5 	Message string (possibly more lines)
1774631762.5417 0 0.0 % Fri Mar 27 06:16:02 PM CET 2026

1774631762.5419 0 25.3 % 
1774631762.5717 0 25.3 %  18:16:02 up 0 min,  1 user,  load average: 0.50, 0.11, 0.04
USER     TTY      FROM             LOGIN@   IDLE   JCPU   PCPU  WHAT
local    tty1     -                18:16    2.00s  0.12s  0.12s -bash

1774631765.5720 1 26.3 % 
1774631777.6611 1 27.3 % 
1775207746.0061 1 26.3 % 
1775207749.0276 1 28.2 % 
1775207761.3318 1 26.8 % 
1775207764.3531 1 28.2 % 
1775207767.3724 1 29.2 % 
1775207773.4308 1 28.2 % 
1775207776.4676 1 29.2 % 
1775207791.6557 1 30.2 % 
1775207806.8348 1 31.6 % 
1775207821.9724 1 32.6 % 
1775207821.9960 1 32.6 %  11:17:01 up 1 min,  2 users,  load average: 0.98, 0.35, 0.13
USER     TTY      FROM             LOGIN@   IDLE   JCPU   PCPU  WHAT
local             10.209.178.220   11:16           0.00s  0.05s sshd-session: local [priv]
local    tty1     -                27Mar26  6days  0.12s  0.12s -bash

1775207824.9963 2 34.6 % 
1775207828.0496 2 37.0 % 
1775207831.1097 2 38.0 % 
1775207840.2542 2 39.9 % 
1775207843.3263 2 38.5 % 
1775207846.3515 2 40.4 % 
1775207849.4068 2 39.4 % 
1775207852.4858 2 42.4 % 
1775207855.5320 2 41.4 % 
1775207861.6590 2 42.4 % 
1775207864.7010 2 41.4 % 
1775207873.8211 2 42.8 % 
1775207877.3005 2 39.9 % 
1775207880.3540 2 41.9 % 
1775207886.4495 2 40.4 % 
1775207889.4899 2 43.3 % 
1775207892.5384 2 41.4 % 
1775207898.5870 2 40.4 % 
1775207907.6700 2 39.4 % 
1775207913.7338 2 40.4 % 
1775207916.7741 2 41.4 % 
1775207919.7960 2 39.4 % 
1775207922.8321 2 40.9 % 
1775207928.8934 2 39.9 % 
1775207947.1104 2 40.9 % 
1775207971.4191 2 40.9 %  11:19:31 up 4 min,  3 users,  load average: 2.37, 1.58, 0.66
USER     TTY      FROM             LOGIN@   IDLE   JCPU   PCPU  WHAT
local             10.209.178.220   11:19           0.00s  0.04s sshd-session: local [priv]
local    tty1     -                27Mar26  6days  0.12s  0.12s -bash

1775207974.4193 3 42.4 % 
1775207983.5316 3 43.8 % 
1775207989.5851 3 44.8 % 
1775207995.6327 3 43.3 % 
1775207998.8773 3 44.3 % 
1775208004.9498 3 47.2 % 
1775208009.1080 3 45.8 % 
1775208012.1306 3 46.7 % 
1775208024.2829 3 47.7 % 
1775208027.3522 3 46.7 % 
1775208033.3999 3 47.7 % 
1775208036.4425 3 46.7 % 
1775208039.4625 3 44.8 % 
1775208042.4853 3 48.7 % 
1775208042.5470 3 48.7 %  11:20:42 up 5 min,  4 users,  load average: 3.43, 2.04, 0.88
USER     TTY      FROM             LOGIN@   IDLE   JCPU   PCPU  WHAT
local             10.209.178.220   11:20           0.00s  0.03s sshd-session: local [priv]
local    tty1     -                27Mar26  6days  0.12s  0.12s -bash

1775208045.5482 4 46.7 % 
1775208048.6559 4 49.2 % 
1775208061.0033 4 50.1 % 
1775208079.2084 4 52.1 % 
1775208088.3347 4 53.6 % 
1775208097.4541 4 52.6 % 
1775208100.4756 4 51.1 % 
1775208103.4992 4 49.7 % 
1775208115.6133 4 48.7 % 
1775208139.8515 4 50.1 % 
1775208145.9152 4 49.2 % 
1775208167.0934 4 50.1 % 
1775208170.1273 4 49.2 % 
1775208173.1491 4 50.1 % 
1775208182.2163 4 48.7 % 
1775208200.3991 4 50.6 % 
1775208200.4233 4 50.6 %  11:23:20 up 8 min,  3 users,  load average: 1.31, 1.99, 1.07
USER     TTY      FROM             LOGIN@   IDLE   JCPU   PCPU  WHAT
local             10.209.178.220   11:20           0.00s  0.03s sshd-session: local [priv]
local    tty1     -                27Mar26  6days  0.12s  0.12s -bash

1775208203.4236 3 49.7 % 
1775208206.4491 3 52.6 % 
1775208209.5260 3 54.5 % 
1775208212.5794 3 55.5 % 
1775208218.6695 3 56.5 % 
1775208221.7521 3 55.5 % 
1775208227.8257 3 54.5 % 
1775208230.8571 3 56.0 % 
1775208233.8982 3 54.5 % 
1775208236.9296 3 55.5 % 
1775208243.0135 3 54.5 % 
1775208246.0448 3 57.0 % 
1775208252.1666 3 54.5 % 
1775208255.1939 3 53.1 % 
1775208264.2922 3 51.1 % 
1775208267.3353 3 52.6 % 
1775208276.4069 3 53.6 % 
1775208285.4715 3 52.1 % 
1775208288.4924 3 55.0 % 
1775208291.5250 3 54.0 % 
1775208303.6513 3 55.0 % 
1775208309.7328 3 52.6 % 
1775208321.8564 3 54.5 % 
1775208324.9032 3 53.1 % 
1775208333.9838 3 54.0 % 
1775208349.1140 3 53.1 % 
1775208358.1976 3 54.0 % 
1775208367.2810 3 53.1 % 
1775208379.3965 3 54.5 % 
1775208382.4241 3 53.1 % 
1775208388.4665 3 52.1 % 
1775208391.5036 3 53.1 % 
1775208403.5967 3 54.0 % 
1775208409.6403 3 52.6 % 
1775208418.7065 3 53.6 % 
1775208427.7762 3 52.6 % 
1775208458.1177 3 51.6 % 
1775208470.2554 3 52.6 % 
1775208473.2970 3 51.1 % 
1775208479.3723 3 52.1 % 
1775208482.4098 3 51.1 % 
1775208485.4436 3 52.6 % 
1775208497.5472 3 50.6 % 
1775208500.5817 3 52.1 % 
1775208503.6035 3 53.1 % 
1775208536.8664 3 54.0 % 
1775208542.9569 3 55.5 % 
1775208549.0294 3 56.5 % 
1775208552.0624 3 54.0 % 
1775208555.1434 3 56.0 % 
1775208561.3088 3 54.0 % 
1775208567.4796 3 56.5 % 
1775208573.5500 3 54.0 % 
1775208579.8182 3 55.0 % 
1775208582.8618 3 56.5 % 
1775208592.0543 3 55.5 % 
1775208601.3304 3 54.5 % 
1775208607.3755 3 53.6 % 
1775208625.5922 3 52.1 % 
1775208628.6259 3 53.6 % 
1775208637.7288 3 52.1 % 
1775208640.7700 3 53.1 % 
1775208649.8353 3 56.0 % 
1775208652.8787 3 57.9 % 
1775208655.9070 3 56.5 % 
1775208658.9457 3 58.9 % 
1775208661.9871 3 56.0 % 
1775208671.0719 3 57.0 % 
1775208677.2063 3 57.9 % 
1775208680.2512 3 55.5 % 
1775208686.3290 3 54.5 % 
1775208689.3664 3 56.0 % 
1775208692.3883 3 54.5 % 
1775208710.5402 3 57.0 % 
1775208716.6015 3 56.0 % 
1775208719.6393 3 54.5 % 
1775208737.8050 3 53.6 % 
1775208743.8604 3 55.0 % 
1775208746.8871 3 53.6 % 
1775208749.9073 3 54.5 % 
1775208752.9325 3 53.6 % 
1775208755.9532 3 54.5 % 
1775208768.0434 3 56.0 % 
1775208771.0734 3 55.0 % 
1775208777.1363 3 58.9 % 
1775208780.1975 3 56.0 % 
1775208786.2406 3 54.5 % 
1775208792.2850 3 56.0 % 
1775208795.3315 3 57.5 % 
1775208807.4703 3 58.4 % 
1775208825.6704 3 57.0 % 
1775208831.7279 3 55.5 % 
1775208840.8166 3 54.5 % 
1775208843.8557 3 55.5 % 
1775208846.8778 3 54.5 % 
1775208849.9000 3 55.5 % 
1775208858.9649 3 54.5 % 
1775208865.0267 3 56.0 % 
1775208871.0698 3 55.0 % 
1775208883.1717 3 53.6 % 
1775208886.2105 3 55.0 % 
1775208901.3533 3 56.0 % 
1775208910.4215 3 54.0 % 
1775208913.4460 3 55.0 % 
1775208925.5674 3 54.0 % 
1775208928.5891 3 55.0 % 
1775208931.6115 3 56.0 % 
1775208934.6426 3 57.5 % 
1775208943.9659 3 58.4 % 
1775208959.1537 3 56.5 % 
1775208965.2135 3 55.0 % 
1775208968.2491 3 56.0 % 
1775208977.3139 3 55.0 % 
1775208980.3341 3 56.5 % 
1775208983.3558 3 55.5 % 
1775208986.3815 3 57.0 % 
1775208995.4823 3 55.0 % 
1775208998.5037 3 56.5 % 
1775209004.5458 3 55.5 % 
1775209025.7536 3 57.9 % 
1775209028.9037 3 59.4 % 
1775209031.9299 3 57.5 % 
1775209041.0036 3 56.5 % 
1775209056.1369 3 55.5 % 
1775209059.1724 3 56.5 % 
1775209062.1927 3 55.0 % 
1775209068.2343 3 56.5 % 
1775209077.3009 3 57.5 % 
1775209080.3289 3 56.0 % 
1775209083.3501 3 57.9 % 
1775209086.3809 3 59.4 % 
1775209089.4941 3 61.3 % 
1775209098.7039 3 58.4 % 
1775209104.7497 3 57.5 % 
1775209113.8365 3 56.5 % 
1775209116.8580 3 57.5 % 
1775209135.0047 3 56.5 % 
1775209144.0889 3 58.9 % 
1775209147.1510 3 61.3 % 
1775209150.1949 3 60.4 % 
1775209153.2695 3 61.8 % 
1775209156.2914 3 58.4 % 
1775209165.3643 3 57.0 % 
1775209177.4796 3 56.0 % 
1775209186.5736 3 55.0 % 
1775209189.6138 3 57.5 % 
1775209198.6899 3 56.5 % 
1775209207.7720 3 55.5 % 
1775209210.8144 3 56.5 % 
1775209213.8371 3 57.9 % 
1775209216.8691 3 59.9 % 
1775209222.9411 3 57.5 % 
1775209228.9832 3 56.5 % 
1775209235.0247 3 57.5 % 
1775209241.1058 3 56.0 % 
1775209253.2343 3 57.5 % 
1775209259.2953 3 59.4 % 
1775209262.3250 3 57.0 % 
1775209265.3480 3 57.9 % 
1775209271.4200 3 59.4 % 
1775209274.4603 3 57.5 % 
1775209280.5120 3 58.4 % 
1775209283.5340 3 56.5 % 
1775209286.5564 3 57.9 % 
1775209289.5924 3 58.9 % 
1775209292.6164 3 57.9 % 
1775209295.6473 3 57.0 % 
1775209301.6904 3 57.9 % 
1775209310.7734 3 56.5 % 
1775209316.8350 3 58.9 % 
1775209328.9373 3 56.5 % 
1775209331.9774 3 58.4 % 
1775209335.0057 3 57.0 % 
1775209338.0271 3 57.9 % 
1775209341.0496 3 58.9 % 
1775209350.1317 3 57.9 % 
1775209359.1971 3 57.0 % 
1775209365.2549 3 57.9 % 
1775209371.3078 3 58.9 % 
1775209377.3637 3 60.9 % 
1775209383.4970 3 61.8 % 
1775209389.5582 3 60.4 % 
1775209398.6784 3 59.4 % 
1775209401.6990 3 58.4 % 
1775209413.7871 3 57.5 % 
1775209422.8688 3 58.4 % 
1775209428.9416 3 57.5 % 
1775209438.0209 3 56.5 % 
1775209441.0581 3 57.5 % 
1775209444.0794 3 58.4 % 
1775209447.0996 3 57.5 % 
1775209456.1668 3 56.5 % 
1775209462.2290 3 58.9 % 
1775209468.2855 3 60.9 % 
1775209471.3536 3 57.9 % 
1775209474.3762 3 59.4 % 
1775209480.4267 3 58.4 % 
1775209483.4569 3 59.4 % 
1775209486.4846 3 61.3 % 
1775209492.5725 3 60.4 % 
1775209498.7396 3 59.4 % 
1775209501.7792 3 61.3 % 
1775209504.8174 3 58.4 % 
1775209510.8603 3 57.5 % 
1775209513.8852 3 60.4 % 
1775209516.9119 3 61.8 % 
1775209519.9545 3 60.9 % 
1775209522.9894 3 59.4 % 
1775209526.0098 3 60.4 % 
1775209529.0432 3 61.3 % 
1775209535.1415 3 62.3 % 
1775209538.1720 3 61.3 % 
1775209544.2267 3 59.9 % 
1775209547.3094 3 60.9 % 
1775209550.4396 3 59.4 % 
1775209553.4757 3 60.9 % 
1775209556.5021 3 58.9 % 
1775209568.6104 3 61.3 % 
1775209571.6546 3 59.9 % 
1775209586.8176 3 61.8 % 
1775209595.9101 3 59.9 % 
1775209601.9688 3 58.4 % 
1775209614.0713 3 60.9 % 
1775209617.0918 3 58.9 % 
1775209620.1293 3 57.9 % 
1775209623.1653 3 59.4 % 
1775209626.1941 3 60.4 % 
1775209641.4850 3 61.3 % 
1775209644.5169 3 59.4 % 
1775209647.5868 3 60.4 % 
1775209653.7450 3 61.3 % 
1775209656.7839 3 58.9 % 
1775209659.9256 3 60.9 % 
1775209665.9884 3 58.4 % 
1775209684.1586 3 57.5 % 
1775209687.1793 3 58.4 % 
1775209693.2265 3 57.5 % 
1775209702.3071 3 59.4 % 
1775209705.3672 3 60.9 % 
1775209711.4647 3 59.4 % 
1775209717.5411 3 58.4 % 
1775209720.5672 3 59.4 % 
1775209726.6183 3 60.4 % 
1775209729.6419 3 58.9 % 
1775209732.7538 3 60.4 % 
1775209735.7861 3 61.8 % 
1775209738.8106 3 59.9 % 
1775209741.9549 3 61.3 % 
1775209781.5809 3 60.4 % 
1775209784.6010 3 59.4 % 
1775209787.6394 3 58.4 % 
1775209790.6618 3 61.3 % 
1775209796.7273 3 60.4 % 
1775209799.7580 3 58.9 % 
1775209814.8839 3 57.9 % 
1775209817.9094 3 59.4 % 
1775209823.9514 3 58.4 % 
1775209826.9728 3 59.4 % 
1775209829.9951 3 58.4 % 
1775209833.0153 3 59.4 % 
1775209845.1020 3 57.9 % 
1775209851.1618 3 59.4 % 
1775209854.1830 3 57.9 % 
1775209857.2177 3 58.9 % 
1775209866.2883 3 57.9 % 
1775209872.3339 3 60.4 % 
1775209875.3638 3 59.4 % 
1775209878.3840 3 57.9 % 
1775209881.4210 3 59.4 % 
1775209887.4642 3 57.9 % 
1775209890.4842 3 58.9 % 
1775209902.5928 3 57.0 % 
1775209908.6507 3 58.4 % 
1775209914.7026 3 59.4 % 
1775209923.8001 3 58.4 % 
1775209926.8217 3 60.4 % 
1775209932.9134 3 61.8 % 
1775209935.9373 3 60.9 % 
1775209948.0540 3 62.3 % 
1775209951.0794 3 61.3 % 
1775209966.2571 3 62.3 % 
1775209972.3171 3 61.3 % 
1775209975.3568 3 60.4 % 
1775209987.5737 3 59.4 % 
1775209990.6083 3 60.4 % 
1775209993.6302 3 59.4 % 
1775209999.6901 3 60.9 % 
1775210005.7427 3 59.4 % 
1775210008.7629 3 58.4 % 
1775210014.8054 3 59.4 % 
1775210020.8495 3 58.4 % 
1775210023.8735 3 59.4 % 
1775210026.8954 3 58.4 % 
1775210029.9157 3 60.4 % 
1775210039.0321 3 61.3 % 
1775210051.2546 3 62.3 % 
1775210054.2762 3 60.9 % 
1775210060.4281 3 61.8 % 
1775210063.4551 3 60.4 % 
1775210078.8704 3 61.8 % 
1775210081.8990 3 60.9 % 
1775210088.1112 3 61.8 % 
1775210091.1495 3 60.4 % 
1775210097.4131 3 61.8 % 
1775210115.7341 3 62.8 % 
1775210118.8064 3 63.8 % 
1775210121.8421 3 61.8 % 
1775210124.8651 3 60.9 % 
1775210127.9021 3 63.3 % 
1775210130.9422 3 61.8 % 
1775210133.9750 3 62.8 % 
1775210140.0607 3 61.3 % 
1775210146.1267 3 60.4 % 
1775210149.1622 3 58.9 % 
1775210161.2981 3 59.9 % 
1775210170.3725 3 60.9 % 
1775210176.4436 3 62.3 % 
1775210179.6076 3 60.4 % 
1775210182.6577 3 61.3 % 
1775210185.8200 3 60.4 % 
1775210198.0334 3 59.4 % 
1775210204.0912 3 58.4 % 
1775210207.1124 3 60.9 % 
1775210213.1784 3 59.4 % 
1775210216.2022 3 60.4 % 
1775210228.7874 3 59.4 % 
1775210231.8093 3 58.4 % 
1775210234.8835 3 59.4 % 
1775210237.9201 3 61.8 % 
1775210240.9552 3 60.9 % 
1775210243.9852 3 62.3 % 
1775210247.0171 3 63.3 % 
1775210250.0501 3 60.9 % 
1775210253.1924 3 62.8 % 
1775210259.2909 3 61.3 % 
1775210262.3609 3 59.9 % 
1775210271.4415 3 57.9 % 
1775210292.6793 3 58.9 % 
1775210295.7195 3 57.9 % 
1775210307.8249 3 57.0 % 
1775210310.8594 3 61.3 % 
1775210313.9052 3 62.3 % 
1775210319.9579 3 59.4 % 
1775210322.9803 3 62.3 % 
1775210326.0410 3 59.4 % 
1775210335.1079 3 58.4 % 
1775210347.2205 3 57.0 % 
1775210350.2583 3 57.9 % 
1775210356.3029 3 58.9 % 
1775210365.3694 3 57.9 % 
1775210377.4712 3 56.5 % 
1775210380.5139 3 57.5 % 
1775210389.5777 3 58.9 % 
1775210392.6442 3 59.9 % 
1775210398.7353 3 62.8 % 
1775210401.8341 3 59.9 % 
1775210407.8996 3 58.9 % 
1775210413.9427 3 59.9 % 
1775210416.9794 3 58.9 % 
1775210432.1266 3 57.9 % 
1775210438.1854 3 58.9 % 
1775210441.2167 3 60.9 % 
1775210447.3381 3 58.9 % 
1775210456.4191 3 57.9 % 
1775210465.6493 3 57.0 % 
1775210468.6918 3 58.4 % 
1775210474.8058 3 60.4 % 
1775210477.8401 3 58.9 % 
1775210486.9238 3 57.9 % 
1775210495.9889 3 56.0 % 
1775210499.0230 3 59.4 % 
1775210502.0580 3 58.4 % 
1775210505.0971 3 59.4 % 
1775210508.1217 3 57.9 % 
1775210550.5211 3 56.5 % 
1775210553.5543 3 57.9 % 
1775210562.6241 3 57.0 % 
1775210565.6637 3 57.9 % 
1775210577.7680 3 56.5 % 
1775210580.8048 3 58.4 % 
1775210583.8280 3 57.0 % 
1775210595.9128 3 57.9 % 
1775210604.9780 3 57.0 % 
1775210607.9997 3 58.9 % 
1775210611.0450 3 60.4 % 
1775210614.0777 3 58.9 % 
1775210617.1005 3 57.5 % 
1775210623.1454 3 58.9 % 
1775210629.2191 3 59.9 % 
1775210635.2895 3 60.9 % 
1775210638.4228 3 58.9 % 
1775210641.4593 3 60.9 % 
1775210644.4913 3 59.4 % 
1775210647.5836 3 61.3 % 
1775210650.6189 3 57.9 % 
1775210653.7460 3 60.9 % 
1775210656.7792 3 58.4 % 
1775210659.8589 3 61.8 % 
1775210662.9202 3 58.9 % 
1775210675.2600 3 60.4 % 
1775210678.3172 3 62.3 % 
1775210684.4149 3 59.4 % 
1775210693.5583 3 57.9 % 
1775210711.7473 3 58.9 % 
1775210723.8781 3 60.4 % 
1775210739.1803 3 59.4 % 
1775210742.2668 3 60.9 % 
1775210745.3153 3 59.9 % 
1775210754.5718 3 58.4 % 
1775210760.6497 3 57.5 % 
1775210763.7031 3 59.9 % 
1775210766.7469 3 58.9 % 
1775210769.7693 3 60.4 % 
1775210772.8160 3 61.3 % 
1775210778.8902 3 62.3 % 
1775210781.9321 3 59.9 % 
1775210791.3573 3 60.9 % 
1775210794.3961 3 59.9 % 
1775210800.5091 3 62.3 % 
1775210803.5442 3 60.4 % 
1775210815.9454 3 62.3 % 
1775210818.9702 3 61.3 % 
1775210821.9955 3 58.4 % 
1775210825.0158 3 59.4 % 
1775210831.0602 3 62.3 % 
1775210834.1053 3 61.3 % 
1775210849.4928 3 62.3 % 
1775210858.5999 3 60.9 % 
1775210861.7305 3 62.8 % 
1775210867.8530 3 61.8 % 
1775210873.9696 3 60.4 % 
1775210877.0149 3 59.4 % 
1775210895.2683 3 60.9 % 
1775210901.3970 3 62.3 % 
1775210907.6183 3 60.9 % 
1775210917.0231 3 61.8 % 
1775210926.1696 3 60.4 % 
1775210929.3137 3 61.8 % 
1775210935.5418 3 60.9 % 
1775210947.7944 3 59.9 % 
1775210953.8522 3 60.9 % 
1775210959.9140 3 62.8 % 
1775210966.0937 3 61.3 % 
1775210972.1593 3 62.3 % 
1775210975.1895 3 63.3 % 
1775210981.2766 3 61.3 % 
1775210984.3684 3 62.3 % 
1775210990.4288 3 63.3 % 
1775210999.5362 3 60.9 % 
1775211005.5860 3 59.9 % 
1775211014.6540 3 58.4 % 
1775211017.6760 3 62.3 % 
1775211020.6985 3 60.9 % 
1775211023.7203 3 58.9 % 
1775211026.7407 3 60.4 % 
1775211029.7628 3 58.9 % 
1775211032.7834 3 60.4 % 
1775211035.8121 3 61.8 % 
1775211047.9523 3 63.3 % 
1775211054.0583 3 64.3 % 
1775211057.0934 3 62.8 % 
1775211063.2741 3 61.3 % 
1775211069.3178 3 60.4 % 
1775211078.3924 3 61.3 % 
1775211081.4503 3 59.9 % 
1775211087.5045 3 58.9 % 
1775211093.5499 3 59.9 % 
1775211099.5934 3 58.9 % 
1775211108.6567 3 57.9 % 
1775211111.6940 3 59.4 % 
1775211114.7161 3 57.9 % 
1775211117.7385 3 58.9 % 
1775211120.7587 3 60.4 % 
1775211135.9727 3 61.8 % 
1775211142.0567 3 63.3 % 
1775211148.1029 3 59.4 % 
1775211151.1234 3 61.8 % 
1775211154.1878 3 59.9 % 
1775211157.2079 3 58.4 % 
1775211166.2689 3 59.4 % 
1775211169.2906 3 58.4 % 
1775211181.3969 3 59.9 % 
1775211184.4190 3 62.8 % 
1775211187.4862 3 61.8 % 
1775211193.5561 3 60.4 % 
1775211196.5899 3 59.4 % 
1775211205.6522 3 60.4 % 
1775211214.7302 3 61.8 % 
1775211223.8112 3 60.9 % 
1775211233.0598 3 62.3 % 
1775211245.2719 3 61.3 % 
1775211248.3210 3 62.8 % 
1775211251.3584 3 60.9 % 
1775211257.4010 3 62.3 % 
1775211263.4536 3 63.8 % 
1775211266.5046 3 62.8 % 
1775211272.5858 3 63.8 % 
1775211275.6179 3 61.3 % 
1775211278.7197 3 62.3 % 
1775211290.8897 3 60.9 % 
1775211299.9783 3 61.8 % 
1775211312.0829 3 60.9 % 
1775211315.2082 3 62.8 % 
1775211327.3848 3 61.3 % 
1775211330.4064 3 60.4 % 
1775211333.4266 3 59.4 % 
1775211336.4635 3 61.3 % 
1775211345.5837 3 62.8 % 
1775211348.6153 3 63.8 % 
1775211351.6537 3 60.4 % 
1775211354.6924 3 59.4 % 
1775211360.7500 3 60.4 % 
1775211363.7723 3 62.3 % 
1775211366.8247 3 60.4 % 
1775211372.8802 3 62.3 % 
1775211379.0468 3 60.9 % 
1775211382.1741 3 62.8 % 
1775211391.2778 3 61.3 % 
1775211394.3147 3 60.4 % 
1775211397.3540 3 61.3 % 
1775211400.3747 3 60.4 % 
1775211403.4130 3 62.8 % 
1775211406.4655 3 61.3 % 
1775211409.4865 3 62.3 % 
1775211412.5159 3 63.3 % 
1775211430.8984 3 61.8 % 
1775211433.9202 3 60.9 % 
1775211436.9431 3 62.3 % 
1775211439.9710 3 59.9 % 
1775211442.9936 3 60.9 % 
1775211452.0784 3 62.8 % 
1775211455.1307 3 64.3 % 
1775211458.1637 3 63.3 % 
1775211467.2714 3 61.8 % 
1775211473.3160 3 60.4 % 
1775211479.3801 3 59.4 % 
1775211482.4006 3 60.4 % 
1775211491.4700 3 61.3 % 
1775211494.4910 3 60.4 % 
1775211500.5349 3 59.4 % 
1775211503.5571 3 60.9 % 
1775211506.5925 3 59.9 % 
1775211518.6964 3 58.9 % 
1775211521.7407 3 60.4 % 
1775211524.7608 3 59.4 % 
1775211530.8295 3 60.9 % 
1775211533.8533 3 61.8 % 
1775211540.0249 3 60.9 % 
1775211549.1002 3 59.9 % 
1775211555.1625 3 61.8 % 
1775211561.2167 3 60.9 % 
1775211567.2734 3 62.8 % 
1775211573.3515 3 64.3 % 
1775211576.3835 3 62.3 % 
1775211579.4098 3 61.3 % 
1775211582.4307 3 59.9 % 
1775211585.4666 3 61.8 % 
1775211588.4946 3 62.8 % 
1775211594.5829 3 63.8 % 
1775211600.6385 3 65.2 % 
1775211603.6911 3 63.8 % 
1775211609.8916 3 62.8 % 
1775211612.9364 3 61.3 % 
1775211615.9646 3 62.3 % 
1775211625.0426 3 63.8 % 
1775211637.1934 3 62.3 % 
1775211643.2585 3 60.4 % 
1775211649.3141 3 61.8 % 
1775211670.7148 3 62.8 % 
1775211676.7707 3 61.3 % 
1775211682.8320 3 62.8 % 
1775211685.8560 3 61.3 % 
1775211691.9269 3 62.3 % 
1775211713.6061 3 60.9 % 
1775211716.7346 3 63.3 % 
1775211719.7721 3 62.3 % 
1775211722.8038 3 61.3 % 
1775211728.9872 3 62.3 % 
1775211732.0176 3 60.9 % 
1775211738.0738 3 61.8 % 
1775211753.2062 3 59.9 % 
1775211756.2940 3 60.9 % 
1775211786.6976 3 62.8 % 
1775211789.9225 3 60.4 % 
1775211793.0227 3 63.3 % 
1775211799.1072 3 61.3 % 
