% Accelerometer logfile (IMU1)
% 1 	Time (sec)
% 2-4 	Accelerometer (x,y,z)
1777025564.7553 0.0298 -0.0051 1.1685
1777025564.7681 0.0344 -0.0032 1.1675
1777025564.7794 0.0344 -0.0022 1.1689
1777025564.7922 0.0337 -0.0032 1.1702
1777025564.8033 0.0308 0.0005 1.1689
1777025564.8158 0.0334 -0.0002 1.1682
1777025564.8282 0.0312 -0.0002 1.1721
1777025564.8396 0.0322 -0.0037 1.1709
1777025564.8513 0.0303 -0.0051 1.1707
1777025564.8639 0.0344 -0.0017 1.1729
1777025564.8753 0.0300 -0.0049 1.1636
1777025564.8873 0.0337 -0.0059 1.1711
1777025564.8995 0.0315 -0.0037 1.1670
1777025564.9120 0.0310 -0.0029 1.1711
1777025564.9242 0.0330 -0.0037 1.1736
1777025564.9356 0.0305 -0.0027 1.1667
1777025564.9479 0.0332 -0.0002 1.1694
1777025564.9594 0.0334 -0.0017 1.1670
1777025564.9718 0.0295 -0.0017 1.1704
1777025564.9842 0.0347 -0.0005 1.1702
1777025564.9959 0.0347 -0.0015 1.1648
1777025565.0072 0.0337 -0.0029 1.1648
1777025565.0202 0.0325 -0.0022 1.1714
1777025565.0320 0.0352 -0.0061 1.1641
1777025565.0434 0.0334 0.0002 1.1670
1777025565.0555 0.0320 -0.0027 1.1704
1777025565.0674 0.0334 -0.0020 1.1726
1777025565.0794 0.0330 -0.0012 1.1667
1777025565.0922 0.0303 -0.0037 1.1704
1777025565.1036 0.0349 0.0000 1.1707
1777025565.1160 0.0339 0.0012 1.1719
1777025565.1278 0.0342 -0.0010 1.1716
1777025565.1400 0.0325 -0.0002 1.1724
1777025565.1516 0.0325 -0.0039 1.1692
1777025565.1637 0.0317 -0.0029 1.1667
1777025565.1762 0.0300 -0.0044 1.1758
1777025565.1878 0.0330 -0.0041 1.1697
1777025565.2002 0.0312 -0.0034 1.1680
1777025565.2115 0.0354 -0.0015 1.1721
1777025565.2237 0.0339 -0.0046 1.1655
1777025565.2361 0.0295 -0.0032 1.1687
1777025565.2475 0.0347 -0.0005 1.1731
1777025565.2603 0.0300 -0.0037 1.1738
1777025565.2718 0.0291 -0.0010 1.1660
1777025565.2841 0.0315 -0.0044 1.1682
1777025565.2962 0.0305 0.0012 1.1753
1777025565.3075 0.0312 0.0015 1.1697
1777025565.3202 0.0337 -0.0005 1.1675
1777025565.3316 0.0300 -0.0015 1.1636
1777025565.3442 0.0315 -0.0029 1.1729
1777025565.3562 0.0330 -0.0024 1.1680
1777025565.3675 0.0327 -0.0027 1.1733
1777025565.3798 0.0305 -0.0037 1.1758
1777025565.3918 0.0334 -0.0010 1.1699
1777025565.4035 0.0366 -0.0022 1.1711
1777025565.4159 0.0276 0.0000 1.1672
1777025565.4283 0.0352 -0.0041 1.1685
1777025565.4397 0.0337 -0.0039 1.1692
1777025565.4523 0.0300 -0.0010 1.1755
1777025565.4639 0.0317 -0.0027 1.1646
1777025565.4764 0.0347 -0.0029 1.1687
1777025565.4882 0.0337 -0.0054 1.1714
1777025565.5006 0.0308 -0.0037 1.1704
1777025565.5120 0.0327 0.0010 1.1685
1777025565.5237 0.0320 -0.0029 1.1680
1777025565.5362 0.0310 -0.0007 1.1694
1777025565.5486 0.0286 -0.0015 1.1709
1777025565.5606 0.0303 -0.0005 1.1658
1777025565.5721 0.0325 -0.0020 1.1711
1777025565.5847 0.0330 -0.0061 1.1707
1777025565.5962 0.0364 0.0005 1.1714
1777025565.6086 0.0305 -0.0073 1.1685
1777025565.6202 0.0300 -0.0015 1.1680
1777025565.6327 0.0310 -0.0010 1.1692
1777025565.6440 0.0320 -0.0027 1.1682
1777025565.6565 0.0308 -0.0017 1.1758
1777025565.6679 0.0320 -0.0037 1.1687
1777025565.6802 0.0349 -0.0024 1.1680
1777025565.6927 0.0308 -0.0012 1.1738
1777025565.7040 0.0312 -0.0027 1.1707
1777025565.7164 0.0342 -0.0032 1.1675
1777025565.7282 0.0337 0.0000 1.1689
1777025565.7405 0.0291 -0.0012 1.1743
1777025565.7520 0.0317 -0.0039 1.1714
1777025565.7651 0.0344 -0.0078 1.1704
1777025565.7767 0.0339 -0.0002 1.1660
1777025565.7884 0.0317 -0.0034 1.1714
1777025565.8008 0.0273 -0.0056 1.1636
1777025565.8121 0.0337 -0.0005 1.1760
1777025565.8248 0.0327 -0.0012 1.1689
1777025565.8361 0.0312 -0.0039 1.1699
1777025565.8488 0.0352 0.0007 1.1667
1777025565.8600 0.0308 -0.0044 1.1680
1777025565.8723 0.0334 0.0007 1.1650
1777025565.8843 0.0315 -0.0017 1.1721
1777025565.8962 0.0349 -0.0020 1.1694
1777025565.9083 0.0361 0.0002 1.1699
1777025565.9206 0.0339 -0.0010 1.1694
1777025565.9327 0.0283 -0.0017 1.1741
1777025565.9449 0.0325 -0.0024 1.1704
1777025565.9568 0.0312 0.0005 1.1714
1777025565.9689 0.0317 -0.0017 1.1636
1777025565.9807 0.0322 -0.0027 1.1660
1777025565.9924 0.0349 -0.0024 1.1697
1777025566.0045 0.0312 -0.0039 1.1631
1777025566.0168 0.0303 -0.0007 1.1724
1777025566.0288 0.0356 -0.0002 1.1699
1777025566.0404 0.0327 0.0000 1.1646
1777025566.0519 0.0332 0.0000 1.1682
1777025566.0644 0.0305 -0.0010 1.1675
1777025566.0766 0.0308 -0.0017 1.1616
1777025566.0885 0.0330 0.0015 1.1672
1777025566.1000 0.0359 -0.0005 1.1697
1777025566.1131 0.0327 -0.0029 1.1682
1777025566.1241 0.0283 -0.0066 1.1680
1777025566.1363 0.0344 -0.0059 1.1707
1777025566.1485 0.0303 0.0000 1.1648
1777025566.1603 0.0322 -0.0044 1.1702
1777025566.1722 0.0334 -0.0024 1.1755
1777025566.1842 0.0332 -0.0015 1.1743
1777025566.1966 0.0325 -0.0007 1.1724
1777025566.2085 0.0310 -0.0022 1.1704
1777025566.2204 0.0305 -0.0032 1.1736
1777025566.2325 0.0332 -0.0002 1.1689
1777025566.2443 0.0337 -0.0037 1.1702
1777025566.2568 0.0293 -0.0020 1.1697
1777025566.2689 0.0339 -0.0051 1.1719
1777025566.2809 0.0322 -0.0010 1.1750
1777025566.2923 0.0327 0.0015 1.1692
1777025566.3044 0.0312 -0.0039 1.1699
1777025566.3163 0.0278 -0.0029 1.1726
1777025566.3283 0.0349 0.0022 1.1653
1777025566.3401 0.0259 0.0002 1.1672
1777025566.3520 0.0337 -0.0015 1.1741
1777025566.3639 0.0364 -0.0012 1.1677
1777025566.3761 0.0305 -0.0010 1.1648
1777025566.3886 0.0305 -0.0005 1.1653
1777025566.4009 0.0325 -0.0032 1.1692
1777025566.4129 0.0330 -0.0022 1.1692
1777025566.4246 0.0315 -0.0015 1.1650
1777025566.4369 0.0330 0.0007 1.1689
1777025566.4487 0.0325 -0.0024 1.1682
1777025566.4601 0.0334 -0.0027 1.1655
1777025566.4722 0.0315 -0.0002 1.1707
1777025566.4845 0.0298 -0.0024 1.1711
1777025566.4969 0.0317 -0.0039 1.1672
1777025566.5082 0.0339 0.0010 1.1658
1777025566.5206 0.0347 -0.0024 1.1711
1777025566.5329 0.0327 -0.0059 1.1709
1777025566.5441 0.0325 -0.0007 1.1699
1777025566.5565 0.0315 -0.0010 1.1650
1777025566.5687 0.0317 -0.0017 1.1692
1777025566.5805 0.0337 -0.0029 1.1721
1777025566.5926 0.0312 -0.0037 1.1572
1777025566.6045 0.0347 -0.0039 1.1721
1777025566.6165 0.0327 -0.0012 1.1665
1777025566.6282 0.0310 -0.0027 1.1638
1777025566.6400 0.0330 -0.0054 1.1704
1777025566.6521 0.0352 -0.0032 1.1638
1777025566.6643 0.0337 0.0000 1.1719
1777025566.6768 0.0295 -0.0051 1.1670
1777025566.6887 0.0286 -0.0034 1.1697
1777025566.7008 0.0315 -0.0020 1.1736
1777025566.7121 0.0308 0.0005 1.1682
1777025566.7246 0.0293 -0.0022 1.1665
1777025566.7366 0.0330 -0.0007 1.1655
1777025566.7490 0.0312 -0.0012 1.1670
1777025566.7614 0.0325 -0.0027 1.1707
1777025566.7727 0.0337 -0.0010 1.1714
1777025566.7848 0.0337 -0.0034 1.1660
1777025566.7969 0.0320 0.0010 1.1665
1777025566.8087 0.0327 -0.0029 1.1714
1777025566.8202 0.0308 -0.0010 1.1711
1777025566.8324 0.0312 -0.0005 1.1709
1777025566.8451 0.0320 -0.0037 1.1738
1777025566.8571 0.0271 -0.0032 1.1643
1777025566.8682 0.0317 0.0000 1.1699
1777025566.8806 0.0315 -0.0010 1.1692
1777025566.8926 0.0295 -0.0024 1.1692
1777025566.9062 0.0344 -0.0020 1.1665
1777025566.9163 0.0286 -0.0012 1.1733
1777025566.9299 0.0288 0.0037 1.1724
1777025566.9409 0.0312 -0.0056 1.1655
1777025566.9526 0.0310 -0.0032 1.1748
1777025566.9645 0.0327 0.0002 1.1677
1777025566.9761 0.0320 0.0022 1.1619
1777025566.9890 0.0337 0.0002 1.1704
1777025567.0004 0.0310 -0.0007 1.1726
1777025567.0127 0.0322 -0.0015 1.1707
1777025567.0241 0.0283 -0.0034 1.1733
1777025567.0365 0.0320 -0.0027 1.1746
1777025567.0482 0.0354 -0.0046 1.1680
1777025567.0606 0.0347 -0.0024 1.1665
1777025567.0726 0.0342 -0.0005 1.1709
1777025567.0844 0.0315 -0.0002 1.1670
1777025567.0968 0.0342 -0.0034 1.1663
1777025567.1086 0.0342 -0.0017 1.1641
1777025567.1206 0.0291 -0.0044 1.1719
1777025567.1323 0.0325 -0.0046 1.1687
1777025567.1450 0.0330 -0.0002 1.1689
1777025567.1564 0.0334 -0.0037 1.1672
1777025567.1690 0.0349 -0.0015 1.1736
1777025567.1803 0.0315 -0.0020 1.1699
1777025567.1928 0.0330 -0.0041 1.1677
1777025567.2043 0.0286 -0.0024 1.1670
1777025567.2169 0.0339 0.0005 1.1650
1777025567.2289 0.0317 -0.0010 1.1704
1777025567.2412 0.0310 -0.0024 1.1685
1777025567.2525 0.0310 -0.0071 1.1689
1777025567.2645 0.0330 -0.0059 1.1699
1777025567.2769 0.0312 -0.0010 1.1658
1777025567.2886 0.0325 -0.0027 1.1716
1777025567.3009 0.0312 -0.0017 1.1736
1777025567.3124 0.0322 0.0037 1.1738
1777025567.3242 0.0339 -0.0007 1.1643
1777025567.3366 0.0317 -0.0041 1.1677
1777025567.3490 0.0352 -0.0051 1.1663
1777025567.3610 0.0317 0.0005 1.1665
1777025567.3722 0.0291 -0.0046 1.1675
1777025567.3848 0.0344 -0.0002 1.1704
1777025567.3962 0.0293 -0.0034 1.1685
1777025567.4087 0.0308 0.0002 1.1699
1777025567.4206 0.0361 -0.0012 1.1667
1777025567.4331 0.0332 -0.0024 1.1594
1777025567.4445 0.0300 -0.0010 1.1682
1777025567.4566 0.0312 -0.0005 1.1736
1777025567.4682 0.0305 -0.0007 1.1704
1777025567.4806 0.0315 -0.0012 1.1665
1777025567.4930 0.0325 -0.0022 1.1675
1777025567.5045 0.0354 0.0015 1.1714
1777025567.5170 0.0356 -0.0059 1.1714
1777025567.5285 0.0332 -0.0046 1.1707
1777025567.5410 0.0303 -0.0010 1.1719
1777025567.5528 0.0293 0.0007 1.1692
1777025567.5643 0.0295 -0.0002 1.1682
1777025567.5763 0.0349 -0.0010 1.1680
1777025567.5885 0.0344 -0.0029 1.1697
1777025567.6003 0.0317 -0.0056 1.1672
1777025567.6126 0.0325 -0.0037 1.1711
1777025567.6243 0.0325 -0.0059 1.1699
1777025567.6366 0.0305 -0.0027 1.1660
1777025567.6493 0.0325 -0.0012 1.1711
1777025567.6602 0.0308 -0.0037 1.1694
1777025567.6727 0.0354 -0.0039 1.1626
1777025567.6850 0.0317 -0.0022 1.1738
1777025567.6967 0.0327 -0.0051 1.1672
1777025567.7091 0.0359 -0.0046 1.1646
1777025567.7208 0.0327 -0.0044 1.1692
1777025567.7331 0.0330 -0.0010 1.1702
1777025567.7450 0.0327 -0.0054 1.1663
1777025567.7563 0.0337 -0.0027 1.1672
1777025567.7688 0.0325 -0.0032 1.1726
1777025567.7803 0.0315 -0.0039 1.1711
1777025567.7931 0.0317 -0.0022 1.1692
1777025567.8046 0.0303 -0.0017 1.1660
1777025567.8170 0.0303 -0.0039 1.1667
1777025567.8289 0.0325 -0.0044 1.1667
1777025567.8403 0.0303 0.0007 1.1738
1777025567.8526 0.0330 -0.0056 1.1699
1777025567.8651 0.0354 -0.0010 1.1689
1777025567.8763 0.0312 -0.0029 1.1692
1777025567.8889 0.0361 0.0002 1.1692
1777025567.9003 0.0264 -0.0054 1.1675
1777025567.9127 0.0264 -0.0041 1.1675
1777025567.9243 0.0369 -0.0015 1.1716
1777025567.9366 0.0339 -0.0041 1.1663
1777025567.9490 0.0320 0.0000 1.1641
1777025567.9609 0.0339 -0.0015 1.1665
1777025567.9723 0.0283 -0.0017 1.1692
1777025567.9850 0.0317 -0.0049 1.1689
1777025567.9965 0.0283 -0.0007 1.1689
1777025568.0089 0.0376 -0.0041 1.1729
1777025568.0206 0.0295 -0.0024 1.1736
1777025568.0331 0.0344 -0.0024 1.1748
1777025568.0447 0.0347 -0.0044 1.1682
1777025568.0574 0.0312 -0.0010 1.1675
1777025568.0686 0.0337 -0.0002 1.1682
1777025568.0811 0.0337 -0.0032 1.1636
1777025568.0931 0.0298 0.0007 1.1738
1777025568.1044 0.0352 -0.0024 1.1689
1777025568.1168 0.0354 0.0002 1.1667
1777025568.1289 0.0342 -0.0007 1.1660
1777025568.1403 0.0337 -0.0005 1.1714
1777025568.1524 0.0344 -0.0022 1.1724
1777025568.1648 0.0281 -0.0051 1.1685
1777025568.1763 0.0337 -0.0024 1.1672
1777025568.1888 0.0327 -0.0012 1.1746
1777025568.2013 0.0334 -0.0032 1.1685
1777025568.2127 0.0334 -0.0012 1.1685
1777025568.2251 0.0322 -0.0024 1.1677
1777025568.2373 0.0347 -0.0020 1.1716
1777025568.2487 0.0295 -0.0010 1.1714
1777025568.2603 0.0330 -0.0007 1.1721
1777025568.2728 0.0310 -0.0027 1.1709
1777025568.2851 0.0308 -0.0012 1.1646
1777025568.2967 0.0317 -0.0044 1.1677
1777025568.3092 0.0339 -0.0015 1.1738
1777025568.3206 0.0320 -0.0017 1.1692
1777025568.3329 0.0286 -0.0037 1.1689
1777025568.3443 0.0339 -0.0017 1.1682
1777025568.3569 0.0332 0.0022 1.1729
1777025568.3692 0.0312 -0.0002 1.1680
1777025568.3804 0.0303 -0.0010 1.1702
1777025568.3931 0.0327 -0.0027 1.1697
1777025568.4046 0.0288 0.0007 1.1650
1777025568.4170 0.0325 -0.0012 1.1702
1777025568.4284 0.0327 -0.0022 1.1694
1777025568.4408 0.0288 -0.0044 1.1702
1777025568.4528 0.0308 -0.0002 1.1680
1777025568.4653 0.0330 -0.0017 1.1758
1777025568.4765 0.0342 -0.0044 1.1753
1777025568.4889 0.0344 -0.0071 1.1675
1777025568.5004 0.0322 -0.0027 1.1719
1777025568.5129 0.0327 0.0007 1.1682
1777025568.5253 0.0308 -0.0005 1.1758
1777025568.5366 0.0300 -0.0002 1.1719
1777025568.5491 0.0325 0.0007 1.1711
1777025568.5607 0.0310 -0.0039 1.1714
1777025568.5731 0.0249 -0.0002 1.1646
1777025568.5846 0.0310 -0.0034 1.1692
1777025568.5966 0.0334 -0.0002 1.1702
1777025568.6090 0.0271 -0.0032 1.1663
1777025568.6206 0.0337 -0.0032 1.1709
1777025568.6331 0.0291 -0.0005 1.1704
1777025568.6445 0.0303 -0.0046 1.1672
1777025568.6573 0.0332 -0.0015 1.1748
1777025568.6685 0.0322 -0.0020 1.1665
1777025568.6809 0.0315 0.0000 1.1702
1777025568.6928 0.0308 0.0039 1.1660
1777025568.7052 0.0332 0.0037 1.1675
1777025568.7165 0.0298 -0.0017 1.1687
1777025568.7291 0.0327 -0.0037 1.1702
1777025568.7404 0.0325 0.0010 1.1711
1777025568.7531 0.0298 0.0015 1.1699
1777025568.7645 0.0327 -0.0007 1.1660
1777025568.7764 0.0308 -0.0044 1.1687
1777025568.7887 0.0322 -0.0051 1.1685
1777025568.8012 0.0322 -0.0066 1.1665
1777025568.8124 0.0312 -0.0044 1.1699
1777025568.8251 0.0332 -0.0007 1.1689
1777025568.8365 0.0347 -0.0029 1.1687
1777025568.8489 0.0310 -0.0017 1.1665
1777025568.8607 0.0332 -0.0002 1.1714
1777025568.8725 0.0308 -0.0020 1.1672
1777025568.8850 0.0332 0.0002 1.1682
1777025568.8965 0.0325 -0.0020 1.1682
1777025568.9088 0.0308 -0.0039 1.1687
1777025568.9214 0.0332 -0.0015 1.1741
1777025568.9332 0.0320 -0.0041 1.1675
1777025568.9446 0.0339 -0.0022 1.1660
1777025568.9573 0.0310 -0.0020 1.1655
1777025568.9686 0.0320 0.0027 1.1670
1777025568.9809 0.0303 -0.0039 1.1660
1777025568.9929 0.0276 0.0002 1.1711
1777025569.0046 0.0330 -0.0024 1.1685
1777025569.0171 0.0337 -0.0029 1.1672
1777025569.0295 0.0305 -0.0027 1.1677
1777025569.0408 0.0312 -0.0017 1.1704
1777025569.0529 0.0278 -0.0049 1.1794
1777025569.0652 0.0303 -0.0007 1.1702
1777025569.0765 0.0308 -0.0029 1.1650
1777025569.0889 0.0312 -0.0005 1.1697
1777025569.1013 0.0305 -0.0027 1.1655
1777025569.1127 0.0293 -0.0039 1.1724
1777025569.1251 0.0342 -0.0027 1.1677
1777025569.1366 0.0332 0.0020 1.1736
1777025569.1490 0.0352 -0.0002 1.1729
1777025569.1608 0.0366 -0.0015 1.1699
1777025569.1732 0.0317 0.0000 1.1663
1777025569.1845 0.0325 -0.0007 1.1748
1777025569.1974 0.0310 -0.0024 1.1716
1777025569.2088 0.0334 0.0017 1.1660
1777025569.2212 0.0317 -0.0020 1.1687
1777025569.2326 0.0356 0.0017 1.1653
1777025569.2449 0.0312 0.0015 1.1685
1777025569.2565 0.0330 0.0005 1.1707
1777025569.2690 0.0322 -0.0020 1.1667
1777025569.2813 0.0291 -0.0029 1.1648
1777025569.2932 0.0371 -0.0020 1.1689
1777025569.3046 0.0330 -0.0056 1.1665
1777025569.3169 0.0315 -0.0029 1.1665
1777025569.3296 0.0293 -0.0037 1.1675
1777025569.3409 0.0325 -0.0005 1.1707
1777025569.3529 0.0291 -0.0034 1.1675
1777025569.3652 0.0344 -0.0032 1.1707
1777025569.3776 0.0339 -0.0005 1.1699
1777025569.3891 0.0320 0.0010 1.1731
1777025569.4016 0.0325 -0.0017 1.1658
1777025569.4129 0.0281 -0.0017 1.1675
1777025569.4254 0.0344 -0.0015 1.1675
1777025569.4369 0.0317 -0.0041 1.1655
1777025569.4489 0.0310 -0.0059 1.1677
1777025569.4613 0.0354 -0.0056 1.1687
1777025569.4727 0.0334 0.0017 1.1689
1777025569.4850 0.0334 -0.0017 1.1709
1777025569.4970 0.0295 0.0000 1.1667
1777025569.5092 0.0305 -0.0041 1.1687
1777025569.5211 0.0320 -0.0005 1.1719
1777025569.5336 0.0305 -0.0010 1.1716
1777025569.5455 0.0327 -0.0032 1.1726
1777025569.5572 0.0337 0.0002 1.1777
1777025569.5696 0.0364 -0.0032 1.1646
1777025569.5807 0.0300 0.0002 1.1638
1777025569.5935 0.0337 -0.0017 1.1699
1777025569.6047 0.0322 -0.0061 1.1697
1777025569.6173 0.0315 -0.0002 1.1726
1777025569.6293 0.0310 -0.0029 1.1716
1777025569.6416 0.0352 -0.0012 1.1746
1777025569.6531 0.0342 -0.0017 1.1692
1777025569.6655 0.0327 -0.0005 1.1750
1777025569.6769 0.0354 0.0007 1.1721
1777025569.6889 0.0332 -0.0029 1.1685
1777025569.7012 0.0308 0.0012 1.1653
1777025569.7126 0.0310 -0.0051 1.1736
1777025569.7250 0.0300 -0.0044 1.1741
1777025569.7375 0.0352 -0.0059 1.1711
1777025569.7488 0.0342 -0.0059 1.1726
1777025569.7607 0.0371 -0.0020 1.1611
1777025569.7732 0.0293 0.0002 1.1655
1777025569.7847 0.0330 -0.0027 1.1641
1777025569.7971 0.0293 -0.0029 1.1692
1777025569.8094 0.0283 -0.0012 1.1755
1777025569.8212 0.0303 -0.0010 1.1646
1777025569.8328 0.0327 0.0000 1.1714
1777025569.8451 0.0308 -0.0024 1.1750
1777025569.8574 0.0308 -0.0037 1.1685
1777025569.8687 0.0330 -0.0024 1.1685
1777025569.8810 0.0337 -0.0015 1.1694
1777025569.8935 0.0310 -0.0024 1.1670
1777025569.9050 0.0315 -0.0024 1.1704
1777025569.9175 0.0317 0.0000 1.1699
1777025569.9294 0.0325 -0.0032 1.1729
1777025569.9411 0.0330 -0.0012 1.1746
1777025569.9529 0.0305 -0.0046 1.1675
1777025569.9647 0.0298 -0.0005 1.1711
1777025569.9777 0.0347 -0.0020 1.1738
1777025569.9892 0.0310 -0.0020 1.1653
1777025570.0016 0.0305 -0.0020 1.1680
1777025570.0130 0.0303 -0.0037 1.1672
1777025570.0255 0.0317 -0.0039 1.1702
1777025570.0368 0.0312 0.0007 1.1719
1777025570.0492 0.0337 0.0007 1.1775
1777025570.0607 0.0344 -0.0034 1.1687
1777025570.0734 0.0327 0.0002 1.1672
1777025570.0865 0.0305 -0.0005 1.1699
1777025570.0972 0.0308 -0.0044 1.1624
1777025570.1087 0.0342 -0.0034 1.1689
1777025570.1211 0.0315 -0.0024 1.1667
1777025570.1335 0.0327 -0.0044 1.1748
1777025570.1449 0.0312 -0.0039 1.1689
1777025570.1575 0.0339 -0.0017 1.1714
1777025570.1689 0.0295 -0.0017 1.1741
1777025570.1812 0.0339 -0.0059 1.1658
1777025570.1935 0.0315 -0.0007 1.1680
1777025570.2048 0.0327 -0.0020 1.1726
1777025570.2172 0.0322 -0.0027 1.1663
1777025570.2288 0.0334 -0.0002 1.1709
1777025570.2411 0.0305 -0.0024 1.1685
1777025570.2529 0.0330 -0.0037 1.1643
1777025570.2655 0.0298 -0.0002 1.1729
1777025570.2767 0.0291 -0.0015 1.1702
1777025570.2894 0.0330 0.0007 1.1660
1777025570.3016 0.0339 -0.0017 1.1750
1777025570.3131 0.0312 -0.0054 1.1699
1777025570.3256 0.0269 -0.0005 1.1677
1777025570.3373 0.0332 -0.0044 1.1704
1777025570.3497 0.0322 0.0005 1.1692
1777025570.3609 0.0325 -0.0039 1.1638
1777025570.3733 0.0344 -0.0063 1.1716
1777025570.3856 0.0310 -0.0027 1.1633
1777025570.3970 0.0288 -0.0005 1.1677
1777025570.4095 0.0344 -0.0007 1.1677
1777025570.4210 0.0315 -0.0012 1.1646
1777025570.4336 0.0286 -0.0027 1.1697
1777025570.4450 0.0305 -0.0022 1.1670
1777025570.4574 0.0347 -0.0066 1.1719
1777025570.4688 0.0300 -0.0049 1.1643
1777025570.4813 0.0322 -0.0034 1.1677
1777025570.4936 0.0325 -0.0015 1.1648
1777025570.5050 0.0337 -0.0027 1.1641
1777025570.5172 0.0259 -0.0056 1.1658
1777025570.5289 0.0322 -0.0027 1.1719
1777025570.5411 0.0325 -0.0044 1.1714
1777025570.5538 0.0310 -0.0027 1.1687
1777025570.5652 0.0344 -0.0041 1.1699
1777025570.5778 0.0349 -0.0037 1.1685
1777025570.5890 0.0305 -0.0012 1.1670
1777025570.6015 0.0332 -0.0051 1.1677
1777025570.6128 0.0312 -0.0002 1.1731
1777025570.6254 0.0347 -0.0022 1.1738
1777025570.6377 0.0320 -0.0037 1.1707
1777025570.6491 0.0325 -0.0073 1.1646
1777025570.6608 0.0320 -0.0015 1.1699
1777025570.6736 0.0315 -0.0010 1.1687
1777025570.6850 0.0303 -0.0034 1.1660
1777025570.6969 0.0325 -0.0029 1.1692
1777025570.7092 0.0320 -0.0017 1.1697
1777025570.7209 0.0325 -0.0037 1.1655
1777025570.7332 0.0281 -0.0037 1.1672
1777025570.7457 0.0308 0.0000 1.1726
1777025570.7572 0.0327 -0.0049 1.1738
1777025570.7695 0.0305 -0.0020 1.1748
1777025570.7819 0.0347 -0.0027 1.1714
1777025570.7935 0.0305 -0.0039 1.1641
1777025570.8058 0.0312 -0.0005 1.1719
1777025570.8172 0.0342 -0.0027 1.1689
1777025570.8298 0.0303 -0.0039 1.1716
1777025570.8413 0.0342 -0.0039 1.1724
1777025570.8530 0.0283 -0.0039 1.1650
1777025570.8655 0.0327 0.0000 1.1768
1777025570.8778 0.0342 -0.0022 1.1721
1777025570.8895 0.0303 -0.0024 1.1667
1777025570.9019 0.0354 -0.0015 1.1633
1777025570.9132 0.0317 -0.0017 1.1675
1777025570.9256 0.0305 -0.0029 1.1650
1777025570.9371 0.0315 -0.0044 1.1680
1777025570.9492 0.0312 -0.0010 1.1626
1777025570.9619 0.0298 -0.0054 1.1702
1777025570.9733 0.0325 -0.0010 1.1648
1777025570.9858 0.0300 -0.0041 1.1733
1777025570.9976 0.0308 -0.0012 1.1692
1777025571.0091 0.0347 -0.0041 1.1692
1777025571.0210 0.0310 -0.0037 1.1714
1777025571.0335 0.0344 -0.0041 1.1702
1777025571.0458 0.0327 -0.0012 1.1726
1777025571.0574 0.0300 -0.0010 1.1633
1777025571.0699 0.0330 -0.0010 1.1707
1777025571.0815 0.0337 -0.0015 1.1731
1777025571.0931 0.0330 -0.0005 1.1650
1777025571.1055 0.0334 -0.0012 1.1726
1777025571.1177 0.0305 -0.0012 1.1711
1777025571.1291 0.0347 -0.0005 1.1672
1777025571.1413 0.0322 -0.0024 1.1694
1777025571.1532 0.0298 -0.0034 1.1768
1777025571.1654 0.0300 -0.0007 1.1729
1777025571.1777 0.0303 -0.0032 1.1719
1777025571.1897 0.0283 0.0012 1.1672
1777025571.2021 0.0312 -0.0054 1.1638
1777025571.2134 0.0337 -0.0044 1.1707
1777025571.2258 0.0334 -0.0017 1.1724
1777025571.2379 0.0339 0.0015 1.1641
1777025571.2495 0.0308 -0.0017 1.1670
1777025571.2619 0.0298 -0.0022 1.1736
1777025571.2733 0.0334 -0.0039 1.1643
1777025571.2850 0.0352 -0.0029 1.1672
1777025571.2974 0.0347 -0.0024 1.1670
1777025571.3098 0.0337 -0.0032 1.1743
1777025571.3213 0.0327 -0.0039 1.1609
1777025571.3338 0.0308 -0.0029 1.1672
1777025571.3452 0.0322 -0.0002 1.1680
1777025571.3578 0.0320 -0.0015 1.1704
1777025571.3703 0.0332 -0.0015 1.1743
1777025571.3816 0.0300 -0.0022 1.1731
1777025571.3942 0.0317 -0.0010 1.1736
1777025571.4054 0.0325 -0.0032 1.1653
1777025571.4177 0.0334 -0.0015 1.1707
1777025571.4294 0.0322 -0.0020 1.1689
1777025571.4417 0.0344 -0.0032 1.1687
1777025571.4542 0.0330 -0.0007 1.1716
1777025571.4667 0.0327 -0.0017 1.1643
1777025571.4781 0.0300 -0.0017 1.1653
1777025571.4907 0.0317 -0.0029 1.1726
1777025571.5021 0.0327 -0.0015 1.1653
1777025571.5148 0.0276 -0.0034 1.1699
1777025571.5264 0.0320 -0.0039 1.1699
1777025571.5388 0.0352 -0.0022 1.1653
1777025571.5500 0.0364 0.0012 1.1697
1777025571.5621 0.0337 -0.0015 1.1675
1777025571.5740 0.0330 -0.0002 1.1704
1777025571.5868 0.0310 -0.0024 1.1692
1777025571.5986 0.0320 -0.0027 1.1716
1777025571.6104 0.0332 -0.0020 1.1687
1777025571.6228 0.0325 -0.0034 1.1658
1777025571.6343 0.0347 0.0010 1.1724
1777025571.6462 0.0308 -0.0010 1.1653
1777025571.6586 0.0347 -0.0071 1.1655
1777025571.6705 0.0317 -0.0029 1.1682
1777025571.6853 0.0327 -0.0010 1.1721
1777025571.6949 0.0332 -0.0024 1.1699
1777025571.7069 0.0317 -0.0059 1.1687
1777025571.7217 0.0315 -0.0007 1.1697
1777025571.7331 0.0339 0.0000 1.1667
1777025571.7421 0.0344 -0.0029 1.1687
1777025571.7545 0.0308 -0.0039 1.1660
1777025571.7665 0.0330 -0.0034 1.1638
1777025571.7787 0.0327 0.0007 1.1748
1777025571.7902 0.0332 -0.0017 1.1697
1777025571.8022 0.0334 -0.0010 1.1702
1777025571.8143 0.0332 0.0007 1.1699
1777025571.8264 0.0308 -0.0044 1.1670
1777025571.8380 0.0320 -0.0020 1.1685
1777025571.8500 0.0322 -0.0015 1.1743
1777025571.8629 0.0344 -0.0029 1.1733
1777025571.8745 0.0308 -0.0056 1.1643
1777025571.8867 0.0300 -0.0020 1.1626
1777025571.8992 0.0337 0.0007 1.1689
1777025571.9101 0.0322 -0.0032 1.1650
1777025571.9226 0.0322 -0.0061 1.1663
1777025571.9344 0.0322 -0.0020 1.1702
1777025571.9463 0.0364 -0.0032 1.1660
1777025571.9581 0.0327 -0.0022 1.1670
1777025571.9710 0.0315 0.0007 1.1711
1777025571.9836 0.0349 -0.0044 1.1682
1777025571.9950 0.0312 0.0010 1.1753
1777025572.0068 0.0312 -0.0020 1.1667
1777025572.0190 0.0300 -0.0029 1.1802
1777025572.0305 0.0322 -0.0029 1.1682
1777025572.0426 0.0330 0.0005 1.1729
1777025572.0545 0.0295 -0.0037 1.1650
1777025572.0668 0.0332 0.0000 1.1685
1777025572.0782 0.0303 -0.0032 1.1672
1777025572.0906 0.0317 -0.0051 1.1729
1777025572.1022 0.0354 -0.0039 1.1680
1777025572.1144 0.0349 -0.0012 1.1675
1777025572.1268 0.0342 -0.0027 1.1731
1777025572.1388 0.0325 -0.0020 1.1714
1777025572.1512 0.0352 -0.0017 1.1624
1777025572.1622 0.0330 -0.0022 1.1689
1777025572.1742 0.0298 -0.0015 1.1680
1777025572.1863 0.0342 -0.0027 1.1733
1777025572.1982 0.0332 -0.0012 1.1748
1777025572.2105 0.0347 0.0012 1.1687
1777025572.2231 0.0317 -0.0034 1.1663
1777025572.2346 0.0327 -0.0012 1.1677
1777025572.2463 0.0286 -0.0010 1.1677
1777025572.2585 0.0317 -0.0056 1.1743
1777025572.2702 0.0322 -0.0010 1.1694
1777025572.2828 0.0330 0.0002 1.1707
1777025572.2947 0.0322 -0.0046 1.1704
1777025572.3095 0.0347 -0.0024 1.1704
1777025572.3190 0.0337 -0.0017 1.1660
1777025572.3308 0.0303 -0.0032 1.1729
1777025572.3425 0.0330 -0.0024 1.1692
1777025572.3549 0.0359 -0.0044 1.1699
1777025572.3661 0.0334 -0.0029 1.1675
1777025572.3782 0.0295 -0.0034 1.1694
1777025572.3939 0.0322 -0.0044 1.1697
1777025572.4051 0.0317 -0.0015 1.1697
1777025572.4148 0.0325 0.0017 1.1731
1777025572.4270 0.0327 -0.0027 1.1660
1777025572.4389 0.0322 -0.0032 1.1660
1777025572.4529 0.0327 0.0005 1.1697
1777025572.4628 0.0308 0.0002 1.1699
1777025572.4748 0.0295 -0.0002 1.1738
1777025572.4885 0.0305 -0.0029 1.1685
1777025572.4983 0.0347 -0.0015 1.1687
1777025572.5105 0.0347 -0.0037 1.1692
1777025572.5222 0.0337 -0.0024 1.1675
1777025572.5349 0.0315 0.0000 1.1702
1777025572.5462 0.0334 -0.0024 1.1711
1777025572.5582 0.0308 0.0002 1.1577
1777025572.5718 0.0310 -0.0029 1.1680
1777025572.5827 0.0291 0.0000 1.1658
1777025572.5948 0.0315 -0.0034 1.1709
1777025572.6070 0.0288 -0.0059 1.1731
1777025572.6189 0.0291 -0.0051 1.1663
1777025572.6306 0.0310 -0.0022 1.1685
1777025572.6426 0.0327 -0.0020 1.1709
1777025572.6549 0.0337 0.0022 1.1699
1777025572.6666 0.0349 0.0002 1.1675
1777025572.6814 0.0374 -0.0015 1.1694
1777025572.6904 0.0288 -0.0015 1.1677
1777025572.7026 0.0312 -0.0024 1.1729
1777025572.7143 0.0300 -0.0012 1.1675
1777025572.7267 0.0288 -0.0022 1.1736
1777025572.7409 0.0322 0.0002 1.1724
1777025572.7511 0.0327 -0.0020 1.1648
1777025572.7627 0.0312 0.0000 1.1646
1777025572.7742 0.0310 -0.0005 1.1687
1777025572.7869 0.0327 -0.0007 1.1665
1777025572.7988 0.0322 -0.0015 1.1699
1777025572.8102 0.0305 -0.0022 1.1716
1777025572.8222 0.0315 -0.0049 1.1692
1777025572.8349 0.0322 -0.0002 1.1655
1777025572.8463 0.0332 -0.0061 1.1763
1777025572.8585 0.0356 -0.0029 1.1660
1777025572.8701 0.0366 -0.0024 1.1721
1777025572.8830 0.0312 -0.0032 1.1694
1777025572.8948 0.0334 -0.0007 1.1697
1777025572.9093 0.0330 0.0002 1.1702
1777025572.9184 0.0352 -0.0032 1.1726
1777025572.9307 0.0303 -0.0061 1.1672
1777025572.9426 0.0298 -0.0041 1.1692
1777025572.9543 0.0308 -0.0010 1.1711
1777025572.9693 0.0330 -0.0041 1.1672
1777025572.9784 0.0295 -0.0017 1.1675
1777025572.9904 0.0327 -0.0012 1.1721
1777025573.0031 0.0300 -0.0012 1.1753
1777025573.0142 0.0327 -0.0029 1.1714
1777025573.0265 0.0364 0.0000 1.1650
1777025573.0382 0.0327 -0.0017 1.1672
1777025573.0502 0.0305 -0.0015 1.1702
1777025573.0625 0.0298 -0.0012 1.1719
1777025573.0743 0.0364 0.0000 1.1709
1777025573.0864 0.0305 -0.0007 1.1641
1777025573.0983 0.0325 -0.0054 1.1738
1777025573.1111 0.0310 -0.0010 1.1694
1777025573.1229 0.0334 -0.0032 1.1675
1777025573.1346 0.0305 0.0005 1.1726
1777025573.1463 0.0339 -0.0027 1.1731
1777025573.1582 0.0352 -0.0029 1.1648
1777025573.1709 0.0327 0.0010 1.1714
1777025573.1832 0.0322 -0.0015 1.1677
1777025573.1943 0.0327 -0.0051 1.1716
1777025573.2064 0.0332 -0.0022 1.1685
1777025573.2223 0.0320 -0.0054 1.1694
1777025573.2302 0.0322 -0.0041 1.1663
1777025573.2423 0.0337 -0.0029 1.1692
1777025573.2550 0.0295 -0.0022 1.1665
1777025573.2670 0.0352 -0.0015 1.1660
1777025573.2791 0.0317 -0.0015 1.1750
1777025573.2910 0.0305 -0.0054 1.1687
1777025573.3029 0.0334 -0.0071 1.1748
1777025573.3146 0.0330 -0.0034 1.1692
1777025573.3270 0.0332 -0.0022 1.1682
1777025573.3383 0.0325 -0.0027 1.1677
1777025573.3506 0.0320 -0.0034 1.1672
1777025573.3624 0.0330 -0.0056 1.1682
1777025573.3742 0.0315 0.0012 1.1685
1777025573.3863 0.0344 0.0005 1.1731
1777025573.3982 0.0325 -0.0002 1.1697
1777025573.4110 0.0300 -0.0041 1.1775
1777025573.4223 0.0310 -0.0046 1.1743
1777025573.4345 0.0300 -0.0024 1.1663
1777025573.4472 0.0322 -0.0066 1.1638
1777025573.4589 0.0317 -0.0037 1.1665
1777025573.4702 0.0337 0.0000 1.1655
1777025573.4842 0.0359 -0.0015 1.1724
1777025573.4946 0.0315 -0.0002 1.1660
1777025573.5070 0.0349 0.0000 1.1743
1777025573.5198 0.0303 -0.0015 1.1707
1777025573.5311 0.0337 -0.0039 1.1677
1777025573.5427 0.0337 -0.0012 1.1736
1777025573.5544 0.0312 0.0027 1.1707
1777025573.5667 0.0288 -0.0027 1.1714
1777025573.5784 0.0273 -0.0015 1.1738
1777025573.5911 0.0303 -0.0010 1.1660
1777025573.6025 0.0337 0.0002 1.1726
1777025573.6148 0.0334 -0.0015 1.1755
1777025573.6266 0.0327 -0.0044 1.1687
1777025573.6392 0.0332 -0.0034 1.1685
1777025573.6510 0.0325 -0.0020 1.1650
1777025573.6624 0.0337 -0.0024 1.1721
1777025573.6748 0.0332 -0.0015 1.1663
1777025573.6869 0.0276 -0.0029 1.1689
1777025573.6983 0.0320 -0.0027 1.1685
1777025573.7107 0.0308 -0.0063 1.1724
1777025573.7224 0.0334 -0.0061 1.1685
1777025573.7347 0.0322 0.0005 1.1697
1777025573.7471 0.0308 -0.0024 1.1726
1777025573.7590 0.0293 -0.0049 1.1748
1777025573.7703 0.0308 -0.0017 1.1758
1777025573.7831 0.0293 -0.0005 1.1682
1777025573.7946 0.0347 -0.0029 1.1741
1777025573.8072 0.0310 0.0020 1.1726
1777025573.8190 0.0334 -0.0037 1.1699
1777025573.8306 0.0342 -0.0044 1.1663
1777025573.8429 0.0293 -0.0063 1.1672
1777025573.8546 0.0339 0.0024 1.1670
1777025573.8669 0.0330 0.0010 1.1716
1777025573.8783 0.0300 0.0000 1.1697
1777025573.8908 0.0330 -0.0002 1.1670
1777025573.9032 0.0312 0.0007 1.1709
1777025573.9144 0.0339 -0.0012 1.1692
1777025573.9269 0.0325 0.0000 1.1653
1777025573.9382 0.0325 0.0007 1.1729
1777025573.9510 0.0325 -0.0012 1.1641
1777025573.9624 0.0312 0.0000 1.1665
1777025573.9748 0.0337 -0.0049 1.1665
1777025573.9864 0.0342 -0.0017 1.1667
1777025573.9989 0.0347 -0.0029 1.1667
1777025574.0111 0.0325 -0.0002 1.1665
1777025574.0230 0.0339 -0.0039 1.1680
1777025574.0343 0.0334 -0.0005 1.1648
1777025574.0468 0.0352 -0.0017 1.1719
1777025574.0592 0.0312 -0.0007 1.1733
1777025574.0706 0.0325 -0.0002 1.1692
1777025574.0839 0.0310 -0.0037 1.1758
1777025574.0944 0.0322 -0.0010 1.1736
1777025574.1072 0.0349 -0.0032 1.1799
1777025574.1188 0.0303 -0.0010 1.1709
1777025574.1310 0.0332 -0.0007 1.1721
1777025574.1425 0.0317 0.0000 1.1685
1777025574.1549 0.0315 0.0002 1.1687
1777025574.1663 0.0352 -0.0007 1.1726
1777025574.1786 0.0332 -0.0039 1.1619
1777025574.1912 0.0337 -0.0027 1.1665
1777025574.2024 0.0315 0.0000 1.1650
1777025574.2152 0.0354 -0.0015 1.1621
1777025574.2264 0.0303 -0.0012 1.1685
1777025574.2391 0.0308 -0.0041 1.1648
1777025574.2511 0.0312 -0.0044 1.1680
1777025574.2627 0.0303 -0.0029 1.1682
1777025574.2750 0.0325 -0.0017 1.1682
1777025574.2867 0.0298 -0.0010 1.1709
1777025574.2993 0.0320 -0.0027 1.1699
1777025574.3106 0.0315 -0.0024 1.1707
1777025574.3230 0.0283 0.0015 1.1692
1777025574.3345 0.0303 -0.0017 1.1680
1777025574.3470 0.0322 -0.0041 1.1685
1777025574.3589 0.0332 -0.0032 1.1689
1777025574.3712 0.0312 -0.0015 1.1707
1777025574.3840 0.0325 0.0017 1.1650
1777025574.3944 0.0330 -0.0044 1.1655
1777025574.4068 0.0315 -0.0002 1.1677
1777025574.4194 0.0342 -0.0024 1.1650
1777025574.4308 0.0339 -0.0005 1.1726
1777025574.4424 0.0334 -0.0046 1.1672
1777025574.4546 0.0295 0.0010 1.1699
1777025574.4669 0.0339 0.0015 1.1672
1777025574.4792 0.0322 -0.0010 1.1667
1777025574.4904 0.0344 -0.0039 1.1743
1777025574.5030 0.0298 -0.0041 1.1707
1777025574.5144 0.0298 0.0000 1.1731
1777025574.5268 0.0342 -0.0020 1.1719
1777025574.5394 0.0312 -0.0037 1.1633
1777025574.5509 0.0288 -0.0005 1.1621
1777025574.5633 0.0315 -0.0032 1.1707
1777025574.5746 0.0347 -0.0002 1.1680
1777025574.5868 0.0352 -0.0024 1.1719
1777025574.5993 0.0349 -0.0024 1.1658
1777025574.6105 0.0327 -0.0020 1.1692
1777025574.6229 0.0317 -0.0032 1.1655
1777025574.6354 0.0332 -0.0012 1.1689
1777025574.6470 0.0349 -0.0020 1.1626
1777025574.6587 0.0317 -0.0015 1.1663
1777025574.6711 0.0356 -0.0027 1.1704
1777025574.6831 0.0347 -0.0041 1.1702
1777025574.6947 0.0312 0.0010 1.1606
1777025574.7070 0.0300 -0.0007 1.1714
1777025574.7188 0.0317 -0.0027 1.1685
1777025574.7311 0.0310 -0.0056 1.1646
1777025574.7434 0.0305 -0.0039 1.1741
1777025574.7545 0.0308 0.0027 1.1707
1777025574.7671 0.0291 -0.0024 1.1648
1777025574.7794 0.0312 -0.0046 1.1758
1777025574.7911 0.0325 -0.0029 1.1663
1777025574.8034 0.0322 -0.0022 1.1719
1777025574.8152 0.0322 -0.0020 1.1680
1777025574.8266 0.0320 -0.0005 1.1636
1777025574.8388 0.0281 -0.0041 1.1702
1777025574.8515 0.0369 -0.0017 1.1716
1777025574.8631 0.0293 -0.0039 1.1650
1777025574.8745 0.0349 -0.0032 1.1677
1777025574.8870 0.0342 -0.0029 1.1753
1777025574.8994 0.0325 -0.0037 1.1697
1777025574.9114 0.0288 -0.0063 1.1770
1777025574.9226 0.0322 0.0015 1.1643
1777025574.9351 0.0354 0.0000 1.1672
1777025574.9474 0.0322 -0.0051 1.1711
1777025574.9591 0.0325 -0.0020 1.1714
1777025574.9714 0.0293 -0.0041 1.1677
1777025574.9832 0.0308 0.0005 1.1655
1777025574.9949 0.0317 -0.0032 1.1658
1777025575.0066 0.0315 -0.0037 1.1714
1777025575.0187 0.0337 0.0007 1.1702
1777025575.0312 0.0298 -0.0007 1.1709
1777025575.0434 0.0330 -0.0037 1.1704
1777025575.0547 0.0295 -0.0032 1.1699
1777025575.0671 0.0352 -0.0063 1.1702
1777025575.0785 0.0283 -0.0039 1.1716
1777025575.0913 0.0315 -0.0034 1.1694
1777025575.1027 0.0315 -0.0056 1.1702
1777025575.1152 0.0322 -0.0022 1.1709
1777025575.1275 0.0308 -0.0073 1.1707
1777025575.1387 0.0325 -0.0027 1.1692
1777025575.1515 0.0305 -0.0032 1.1692
1777025575.1627 0.0352 -0.0037 1.1665
1777025575.1752 0.0317 -0.0010 1.1655
1777025575.1866 0.0327 -0.0022 1.1699
1777025575.1992 0.0320 -0.0015 1.1711
1777025575.2108 0.0303 -0.0007 1.1665
1777025575.2232 0.0327 -0.0041 1.1724
1777025575.2355 0.0359 -0.0034 1.1777
1777025575.2469 0.0337 -0.0034 1.1675
1777025575.2588 0.0322 -0.0034 1.1724
1777025575.2713 0.0320 0.0010 1.1731
1777025575.2832 0.0295 -0.0044 1.1738
1777025575.2949 0.0315 -0.0034 1.1731
1777025575.3072 0.0325 -0.0017 1.1731
1777025575.3188 0.0322 -0.0017 1.1743
1777025575.3314 0.0322 -0.0039 1.1731
1777025575.3428 0.0315 -0.0007 1.1665
1777025575.3555 0.0342 0.0000 1.1704
1777025575.3668 0.0305 -0.0020 1.1711
1777025575.3786 0.0298 -0.0056 1.1655
1777025575.3912 0.0303 -0.0041 1.1602
1777025575.4032 0.0320 0.0007 1.1724
1777025575.4155 0.0342 -0.0034 1.1675
1777025575.4277 0.0322 -0.0020 1.1719
1777025575.4391 0.0342 -0.0022 1.1672
1777025575.4527 0.0298 -0.0010 1.1702
1777025575.4626 0.0322 -0.0039 1.1677
1777025575.4755 0.0315 -0.0059 1.1755
1777025575.4876 0.0305 -0.0032 1.1658
1777025575.4993 0.0327 -0.0017 1.1707
1777025575.5105 0.0308 -0.0012 1.1648
1777025575.5234 0.0332 -0.0022 1.1643
1777025575.5346 0.0305 -0.0037 1.1646
1777025575.5467 0.0315 -0.0056 1.1670
1777025575.5592 0.0317 -0.0002 1.1702
1777025575.5709 0.0349 -0.0039 1.1689
1777025575.5831 0.0308 -0.0032 1.1692
1777025575.5954 0.0342 -0.0017 1.1677
1777025575.6071 0.0327 -0.0007 1.1660
1777025575.6220 0.0352 -0.0044 1.1655
1777025575.6312 0.0332 -0.0029 1.1709
1777025575.6433 0.0347 0.0000 1.1709
1777025575.6556 0.0300 0.0020 1.1670
1777025575.6671 0.0327 -0.0037 1.1746
1777025575.6786 0.0312 -0.0027 1.1716
1777025575.6911 0.0325 -0.0068 1.1677
1777025575.7029 0.0315 -0.0029 1.1665
1777025575.7157 0.0322 -0.0020 1.1697
1777025575.7269 0.0317 -0.0029 1.1719
1777025575.7393 0.0317 0.0000 1.1719
1777025575.7526 0.0332 -0.0007 1.1663
1777025575.7631 0.0312 -0.0027 1.1692
1777025575.7753 0.0322 0.0005 1.1724
1777025575.7893 0.0317 -0.0056 1.1729
1777025575.7993 0.0298 -0.0063 1.1665
1777025575.8116 0.0334 -0.0054 1.1646
1777025575.8228 0.0361 -0.0032 1.1680
1777025575.8357 0.0352 -0.0010 1.1636
1777025575.8467 0.0320 0.0002 1.1682
1777025575.8588 0.0327 0.0005 1.1672
1777025575.8711 0.0327 0.0017 1.1631
1777025575.8836 0.0298 -0.0012 1.1709
1777025575.8955 0.0337 -0.0041 1.1687
1777025575.9077 0.0308 -0.0017 1.1704
1777025575.9198 0.0334 -0.0034 1.1719
1777025575.9312 0.0330 0.0007 1.1724
1777025575.9445 0.0320 -0.0012 1.1672
1777025575.9567 0.0288 0.0002 1.1660
1777025575.9672 0.0330 -0.0015 1.1685
1777025575.9794 0.0295 -0.0049 1.1677
1777025575.9914 0.0325 -0.0017 1.1692
1777025576.0031 0.0325 0.0007 1.1694
1777025576.0154 0.0286 -0.0046 1.1648
1777025576.0272 0.0325 -0.0022 1.1768
1777025576.0392 0.0303 -0.0051 1.1692
1777025576.0516 0.0298 -0.0020 1.1702
1777025576.0637 0.0334 -0.0027 1.1699
1777025576.0753 0.0315 0.0000 1.1709
1777025576.0871 0.0325 -0.0005 1.1680
1777025576.0993 0.0337 -0.0027 1.1738
1777025576.1113 0.0349 -0.0044 1.1699
1777025576.1230 0.0339 -0.0037 1.1677
1777025576.1352 0.0344 -0.0027 1.1648
1777025576.1492 0.0327 -0.0024 1.1689
1777025576.1591 0.0308 -0.0024 1.1677
1777025576.1708 0.0325 0.0022 1.1670
1777025576.1847 0.0347 -0.0020 1.1719
1777025576.1957 0.0312 -0.0041 1.1733
1777025576.2073 0.0278 0.0017 1.1655
1777025576.2245 0.0349 -0.0039 1.1702
1777025576.2314 0.0320 -0.0022 1.1750
1777025576.2438 0.0330 0.0000 1.1687
1777025576.2555 0.0332 -0.0007 1.1667
1777025576.2672 0.0320 -0.0015 1.1628
1777025576.2794 0.0334 0.0002 1.1702
1777025576.2920 0.0317 -0.0024 1.1699
1777025576.3033 0.0317 -0.0039 1.1677
1777025576.3157 0.0317 -0.0017 1.1626
1777025576.3276 0.0327 -0.0024 1.1687
1777025576.3392 0.0344 -0.0037 1.1753
1777025576.3510 0.0339 -0.0034 1.1719
1777025576.3633 0.0298 0.0007 1.1724
1777025576.3753 0.0300 -0.0020 1.1733
1777025576.3889 0.0330 -0.0046 1.1724
1777025576.3997 0.0327 -0.0005 1.1714
1777025576.4113 0.0286 -0.0029 1.1685
1777025576.4238 0.0320 -0.0015 1.1726
1777025576.4350 0.0310 -0.0002 1.1643
1777025576.4494 0.0317 -0.0002 1.1709
1777025576.4588 0.0332 -0.0027 1.1653
1777025576.4711 0.0337 -0.0007 1.1665
1777025576.4839 0.0310 -0.0012 1.1709
1777025576.4957 0.0352 0.0010 1.1692
1777025576.5073 0.0317 -0.0022 1.1646
1777025576.5198 0.0300 0.0017 1.1672
1777025576.5320 0.0334 -0.0002 1.1655
1777025576.5432 0.0347 -0.0027 1.1667
1777025576.5551 0.0325 -0.0007 1.1709
1777025576.5678 0.0322 -0.0034 1.1692
1777025576.5790 0.0325 -0.0024 1.1650
1777025576.5916 0.0332 -0.0054 1.1643
1777025576.6032 0.0312 -0.0068 1.1707
1777025576.6157 0.0317 0.0010 1.1711
1777025576.6277 0.0312 -0.0010 1.1738
1777025576.6391 0.0337 -0.0017 1.1741
1777025576.6514 0.0325 -0.0024 1.1667
1777025576.6634 0.0310 -0.0039 1.1663
1777025576.6750 0.0342 -0.0010 1.1655
1777025576.6874 0.0308 -0.0051 1.1682
1777025576.6996 0.0305 0.0002 1.1746
1777025576.7115 0.0303 -0.0020 1.1663
1777025576.7235 0.0356 -0.0020 1.1675
1777025576.7359 0.0327 -0.0024 1.1743
1777025576.7475 0.0271 -0.0027 1.1677
1777025576.7596 0.0339 -0.0012 1.1687
1777025576.7718 0.0310 -0.0022 1.1660
1777025576.7834 0.0322 -0.0037 1.1697
1777025576.7960 0.0334 -0.0017 1.1687
1777025576.8078 0.0337 -0.0007 1.1680
1777025576.8194 0.0303 -0.0032 1.1780
1777025576.8319 0.0295 -0.0034 1.1682
1777025576.8433 0.0359 -0.0010 1.1670
1777025576.8553 0.0356 -0.0005 1.1689
1777025576.8676 0.0315 -0.0054 1.1660
1777025576.8790 0.0327 -0.0020 1.1694
1777025576.8915 0.0315 -0.0022 1.1758
1777025576.9034 0.0300 -0.0051 1.1729
1777025576.9161 0.0303 -0.0034 1.1707
1777025576.9278 0.0339 -0.0022 1.1658
1777025576.9392 0.0347 0.0005 1.1707
1777025576.9517 0.0352 -0.0010 1.1675
1777025576.9638 0.0308 -0.0037 1.1670
1777025576.9753 0.0322 -0.0039 1.1646
1777025576.9880 0.0366 -0.0027 1.1697
1777025576.9994 0.0310 -0.0024 1.1653
1777025577.0117 0.0330 -0.0051 1.1707
1777025577.0238 0.0334 -0.0024 1.1707
1777025577.0352 0.0298 -0.0032 1.1646
1777025577.0477 0.0298 -0.0010 1.1685
1777025577.0599 0.0315 -0.0005 1.1746
1777025577.0719 0.0349 -0.0029 1.1719
1777025577.0835 0.0332 -0.0037 1.1658
1777025577.0954 0.0352 0.0002 1.1702
1777025577.1071 0.0342 -0.0005 1.1667
1777025577.1192 0.0330 0.0022 1.1670
1777025577.1310 0.0337 -0.0022 1.1733
1777025577.1439 0.0332 -0.0029 1.1714
1777025577.1553 0.0347 -0.0007 1.1667
1777025577.1679 0.0303 -0.0017 1.1716
1777025577.1793 0.0359 -0.0022 1.1687
1777025577.1914 0.0347 0.0007 1.1711
1777025577.2037 0.0332 -0.0029 1.1675
1777025577.2159 0.0334 -0.0037 1.1660
1777025577.2275 0.0325 0.0007 1.1709
1777025577.2398 0.0308 -0.0037 1.1665
1777025577.2518 0.0337 0.0000 1.1672
1777025577.2632 0.0283 -0.0012 1.1672
1777025577.2752 0.0322 0.0007 1.1743
1777025577.2876 0.0315 0.0005 1.1724
1777025577.2999 0.0369 -0.0039 1.1665
1777025577.3113 0.0303 -0.0020 1.1619
1777025577.3233 0.0330 -0.0029 1.1692
1777025577.3356 0.0327 0.0005 1.1667
1777025577.3473 0.0312 -0.0017 1.1663
1777025577.3599 0.0332 -0.0010 1.1711
1777025577.3714 0.0298 0.0010 1.1689
1777025577.3840 0.0330 -0.0005 1.1738
1777025577.3956 0.0322 0.0002 1.1689
1777025577.4076 0.0369 -0.0041 1.1775
1777025577.4195 0.0349 -0.0024 1.1687
1777025577.4322 0.0334 -0.0015 1.1716
1777025577.4438 0.0339 -0.0020 1.1653
1777025577.4553 0.0352 -0.0017 1.1677
1777025577.4684 0.0315 0.0007 1.1660
1777025577.4809 0.0283 -0.0022 1.1648
1777025577.4918 0.0325 -0.0007 1.1665
1777025577.5036 0.0308 -0.0034 1.1692
1777025577.5158 0.0310 -0.0024 1.1750
1777025577.5276 0.0291 -0.0039 1.1729
1777025577.5408 0.0337 -0.0027 1.1726
1777025577.5518 0.0312 -0.0041 1.1716
1777025577.5641 0.0310 -0.0029 1.1677
1777025577.5762 0.0312 -0.0012 1.1680
1777025577.5893 0.0300 -0.0012 1.1707
1777025577.5993 0.0325 -0.0039 1.1694
1777025577.6119 0.0347 -0.0041 1.1689
1777025577.6236 0.0322 -0.0007 1.1709
1777025577.6358 0.0332 -0.0022 1.1702
1777025577.6476 0.0369 -0.0029 1.1677
1777025577.6602 0.0334 0.0005 1.1714
1777025577.6715 0.0361 -0.0034 1.1677
1777025577.6840 0.0344 -0.0020 1.1707
1777025577.6956 0.0295 -0.0032 1.1707
1777025577.7078 0.0317 -0.0024 1.1643
1777025577.7202 0.0322 -0.0037 1.1760
1777025577.7317 0.0308 -0.0027 1.1624
1777025577.7434 0.0344 -0.0059 1.1704
1777025577.7554 0.0322 -0.0005 1.1648
1777025577.7679 0.0337 -0.0002 1.1758
1777025577.7802 0.0283 -0.0012 1.1699
1777025577.7919 0.0312 -0.0051 1.1702
1777025577.8043 0.0312 -0.0012 1.1711
1777025577.8156 0.0315 0.0027 1.1648
1777025577.8280 0.0322 -0.0041 1.1719
1777025577.8394 0.0315 -0.0017 1.1724
1777025577.8517 0.0330 0.0000 1.1663
1777025577.8642 0.0342 -0.0017 1.1699
1777025577.8764 0.0325 -0.0002 1.1709
1777025577.8882 0.0317 -0.0012 1.1638
1777025577.9006 0.0312 -0.0041 1.1646
1777025577.9119 0.0393 -0.0005 1.1665
1777025577.9246 0.0308 -0.0037 1.1709
1777025577.9359 0.0308 -0.0017 1.1721
1777025577.9487 0.0334 -0.0024 1.1641
1777025577.9601 0.0325 -0.0010 1.1697
1777025577.9725 0.0332 -0.0037 1.1672
1777025577.9840 0.0325 -0.0054 1.1670
1777025577.9964 0.0271 -0.0056 1.1702
1777025578.0087 0.0337 -0.0020 1.1697
1777025578.0201 0.0308 -0.0010 1.1667
1777025578.0325 0.0308 -0.0015 1.1667
1777025578.0438 0.0356 -0.0046 1.1687
1777025578.0562 0.0325 -0.0007 1.1719
1777025578.0680 0.0325 -0.0015 1.1665
1777025578.0806 0.0303 0.0017 1.1704
1777025578.0927 0.0347 -0.0002 1.1646
1777025578.1041 0.0322 -0.0051 1.1702
1777025578.1165 0.0300 -0.0034 1.1631
1777025578.1279 0.0305 -0.0012 1.1719
1777025578.1402 0.0308 -0.0020 1.1677
1777025578.1523 0.0327 -0.0029 1.1697
1777025578.1647 0.0325 -0.0022 1.1692
1777025578.1760 0.0281 -0.0002 1.1736
1777025578.1884 0.0325 -0.0007 1.1704
1777025578.1999 0.0325 -0.0022 1.1733
1777025578.2126 0.0342 -0.0051 1.1731
1777025578.2245 0.0320 -0.0056 1.1670
1777025578.2368 0.0330 -0.0012 1.1714
1777025578.2482 0.0337 -0.0024 1.1702
1777025578.2598 0.0317 0.0015 1.1726
1777025578.2721 0.0325 -0.0005 1.1650
1777025578.2847 0.0288 -0.0007 1.1675
1777025578.2962 0.0320 -0.0029 1.1619
1777025578.3085 0.0344 -0.0049 1.1641
1777025578.3203 0.0330 -0.0022 1.1729
1777025578.3325 0.0339 -0.0002 1.1665
1777025578.3440 0.0352 -0.0017 1.1687
1777025578.3566 0.0354 -0.0039 1.1719
1777025578.3679 0.0295 -0.0024 1.1702
1777025578.3802 0.0295 0.0015 1.1677
1777025578.3927 0.0310 -0.0027 1.1685
1777025578.4040 0.0315 -0.0049 1.1692
1777025578.4166 0.0327 0.0005 1.1665
1777025578.4280 0.0317 -0.0032 1.1677
1777025578.4406 0.0308 0.0010 1.1697
1777025578.4522 0.0347 -0.0022 1.1724
1777025578.4646 0.0320 -0.0027 1.1658
1777025578.4768 0.0337 -0.0032 1.1714
1777025578.4882 0.0325 -0.0002 1.1680
1777025578.5007 0.0293 -0.0017 1.1682
1777025578.5120 0.0349 -0.0022 1.1619
1777025578.5246 0.0344 -0.0037 1.1672
1777025578.5359 0.0342 0.0012 1.1702
1777025578.5487 0.0322 0.0000 1.1658
1777025578.5602 0.0291 -0.0083 1.1689
1777025578.5725 0.0325 -0.0010 1.1697
1777025578.5849 0.0320 -0.0007 1.1670
1777025578.5964 0.0315 -0.0051 1.1697
1777025578.6088 0.0344 -0.0024 1.1738
1777025578.6203 0.0334 0.0000 1.1636
1777025578.6327 0.0303 0.0002 1.1743
1777025578.6440 0.0320 0.0012 1.1760
1777025578.6564 0.0344 -0.0049 1.1699
1777025578.6681 0.0295 -0.0022 1.1716
1777025578.6807 0.0317 -0.0015 1.1663
1777025578.6923 0.0339 -0.0005 1.1685
1777025578.7046 0.0325 -0.0046 1.1729
1777025578.7161 0.0305 -0.0017 1.1704
1777025578.7286 0.0322 -0.0027 1.1694
1777025578.7399 0.0312 -0.0032 1.1677
1777025578.7524 0.0347 -0.0029 1.1643
1777025578.7640 0.0308 -0.0022 1.1714
1777025578.7760 0.0332 -0.0002 1.1641
1777025578.7884 0.0310 0.0005 1.1694
1777025578.7999 0.0315 -0.0017 1.1731
1777025578.8122 0.0298 0.0007 1.1665
1777025578.8249 0.0322 -0.0044 1.1680
1777025578.8362 0.0303 -0.0005 1.1746
1777025578.8488 0.0295 -0.0002 1.1648
1777025578.8603 0.0300 -0.0044 1.1653
1777025578.8721 0.0298 -0.0029 1.1682
1777025578.8847 0.0305 -0.0005 1.1672
1777025578.8967 0.0293 -0.0037 1.1653
1777025578.9080 0.0322 0.0000 1.1709
1777025578.9208 0.0330 -0.0002 1.1631
1777025578.9320 0.0288 -0.0049 1.1702
1777025578.9444 0.0298 -0.0029 1.1670
1777025578.9560 0.0298 0.0002 1.1733
1777025578.9686 0.0315 -0.0041 1.1658
1777025578.9799 0.0312 -0.0029 1.1736
1777025578.9928 0.0327 -0.0022 1.1663
1777025579.0040 0.0320 0.0012 1.1687
1777025579.0161 0.0315 0.0017 1.1670
1777025579.0289 0.0349 -0.0010 1.1714
1777025579.0404 0.0330 -0.0037 1.1736
1777025579.0527 0.0317 -0.0015 1.1665
1777025579.0640 0.0281 0.0000 1.1711
1777025579.0765 0.0305 -0.0022 1.1694
1777025579.0884 0.0342 0.0017 1.1694
1777025579.1010 0.0291 -0.0020 1.1724
1777025579.1123 0.0337 -0.0017 1.1726
1777025579.1241 0.0315 -0.0046 1.1726
1777025579.1366 0.0325 0.0027 1.1670
1777025579.1482 0.0352 -0.0002 1.1719
1777025579.1609 0.0325 0.0000 1.1675
1777025579.1722 0.0327 -0.0027 1.1709
1777025579.1847 0.0342 -0.0022 1.1704
1777025579.1965 0.0303 -0.0044 1.1675
1777025579.2080 0.0325 -0.0015 1.1650
1777025579.2203 0.0322 -0.0007 1.1614
1777025579.2326 0.0293 -0.0007 1.1721
1777025579.2442 0.0347 -0.0032 1.1719
1777025579.2564 0.0337 -0.0039 1.1685
1777025579.2686 0.0327 0.0034 1.1606
1777025579.2810 0.0337 0.0002 1.1655
1777025579.2930 0.0334 -0.0046 1.1704
1777025579.3042 0.0295 -0.0007 1.1670
1777025579.3162 0.0288 -0.0015 1.1711
1777025579.3287 0.0339 -0.0037 1.1770
1777025579.3403 0.0322 0.0000 1.1689
1777025579.3530 0.0317 -0.0024 1.1675
1777025579.3642 0.0303 -0.0012 1.1697
1777025579.3768 0.0332 -0.0010 1.1670
1777025579.3885 0.0330 -0.0012 1.1699
1777025579.4003 0.0303 -0.0015 1.1667
1777025579.4125 0.0330 -0.0007 1.1665
1777025579.4241 0.0359 0.0017 1.1697
1777025579.4367 0.0337 -0.0020 1.1670
1777025579.4490 0.0337 -0.0046 1.1641
1777025579.4603 0.0330 0.0037 1.1716
1777025579.4726 0.0295 -0.0041 1.1763
1777025579.4844 0.0310 -0.0039 1.1646
1777025579.4963 0.0334 -0.0012 1.1646
1777025579.5086 0.0344 -0.0015 1.1755
1777025579.5203 0.0300 0.0000 1.1658
1777025579.5328 0.0317 -0.0027 1.1689
1777025579.5441 0.0334 -0.0002 1.1675
1777025579.5568 0.0295 0.0000 1.1729
1777025579.5682 0.0330 -0.0007 1.1721
1777025579.5806 0.0317 -0.0002 1.1782
1777025579.5928 0.0322 -0.0015 1.1694
1777025579.6050 0.0303 0.0000 1.1772
1777025579.6161 0.0327 -0.0068 1.1658
1777025579.6287 0.0337 -0.0015 1.1726
1777025579.6411 0.0364 -0.0029 1.1670
1777025579.6523 0.0312 -0.0005 1.1665
1777025579.6646 0.0332 -0.0024 1.1726
1777025579.6761 0.0283 -0.0066 1.1685
1777025579.6889 0.0320 -0.0024 1.1660
1777025579.7003 0.0339 -0.0017 1.1672
1777025579.7128 0.0303 -0.0061 1.1711
1777025579.7250 0.0320 -0.0041 1.1709
1777025579.7365 0.0337 0.0002 1.1624
1777025579.7489 0.0349 -0.0020 1.1685
1777025579.7607 0.0312 -0.0034 1.1716
1777025579.7731 0.0303 -0.0012 1.1721
1777025579.7845 0.0349 -0.0049 1.1702
1777025579.7971 0.0332 -0.0029 1.1680
1777025579.8086 0.0286 -0.0015 1.1716
1777025579.8203 0.0327 -0.0017 1.1753
1777025579.8329 0.0293 -0.0015 1.1680
1777025579.8443 0.0315 -0.0020 1.1721
1777025579.8569 0.0339 -0.0005 1.1680
1777025579.8682 0.0344 -0.0012 1.1650
1777025579.8811 0.0310 -0.0029 1.1680
1777025579.8926 0.0327 -0.0029 1.1680
1777025579.9049 0.0310 0.0007 1.1667
1777025579.9163 0.0344 -0.0024 1.1660
1777025579.9288 0.0325 -0.0017 1.1653
1777025579.9410 0.0325 -0.0020 1.1650
1777025579.9528 0.0347 -0.0002 1.1726
1777025579.9650 0.0322 -0.0034 1.1699
1777025579.9764 0.0322 -0.0024 1.1726
1777025579.9884 0.0291 -0.0007 1.1697
1777025580.0009 0.0295 -0.0029 1.1689
1777025580.0123 0.0305 -0.0039 1.1653
1777025580.0251 0.0305 -0.0037 1.1682
1777025580.0364 0.0332 -0.0022 1.1663
1777025580.0490 0.0291 -0.0037 1.1672
1777025580.0604 0.0293 -0.0020 1.1680
1777025580.0729 0.0322 -0.0063 1.1726
1777025580.0852 0.0288 -0.0024 1.1633
1777025580.0967 0.0339 -0.0029 1.1665
1777025580.1090 0.0327 -0.0024 1.1707
1777025580.1206 0.0366 -0.0029 1.1694
1777025580.1330 0.0344 -0.0007 1.1692
1777025580.1444 0.0366 -0.0032 1.1755
1777025580.1570 0.0330 0.0020 1.1707
1777025580.1683 0.0322 -0.0012 1.1692
1777025580.1806 0.0369 -0.0041 1.1724
1777025580.1930 0.0334 0.0015 1.1750
1777025580.2042 0.0332 -0.0029 1.1694
1777025580.2169 0.0330 -0.0054 1.1648
1777025580.2283 0.0320 -0.0049 1.1689
1777025580.2408 0.0344 -0.0007 1.1760
1777025580.2526 0.0305 0.0010 1.1643
1777025580.2642 0.0298 -0.0049 1.1611
1777025580.2767 0.0305 0.0010 1.1711
1777025580.2883 0.0330 -0.0002 1.1721
1777025580.3007 0.0327 -0.0046 1.1682
1777025580.3131 0.0288 -0.0039 1.1672
1777025580.3248 0.0327 -0.0073 1.1741
1777025580.3372 0.0320 -0.0022 1.1675
1777025580.3491 0.0325 -0.0027 1.1672
1777025580.3606 0.0286 -0.0024 1.1643
1777025580.3730 0.0349 -0.0039 1.1699
1777025580.3850 0.0347 -0.0046 1.1633
1777025580.3964 0.0347 -0.0039 1.1716
1777025580.4088 0.0332 -0.0044 1.1719
1777025580.4205 0.0308 -0.0020 1.1672
1777025580.4330 0.0317 -0.0017 1.1709
1777025580.4453 0.0330 -0.0020 1.1692
1777025580.4568 0.0320 -0.0015 1.1694
1777025580.4691 0.0317 -0.0039 1.1711
1777025580.4804 0.0337 -0.0059 1.1658
1777025580.4933 0.0334 0.0005 1.1748
1777025580.5048 0.0366 -0.0027 1.1726
1777025580.5170 0.0361 -0.0044 1.1719
1777025580.5285 0.0337 -0.0022 1.1753
1777025580.5408 0.0305 -0.0051 1.1650
1777025580.5527 0.0334 -0.0029 1.1741
1777025580.5649 0.0317 -0.0039 1.1692
1777025580.5772 0.0315 -0.0022 1.1670
1777025580.5888 0.0295 -0.0083 1.1677
1777025580.6011 0.0330 0.0000 1.1636
1777025580.6125 0.0312 -0.0027 1.1682
1777025580.6249 0.0330 -0.0024 1.1721
1777025580.6372 0.0305 -0.0044 1.1680
1777025580.6491 0.0300 -0.0041 1.1743
1777025580.6605 0.0303 -0.0024 1.1650
1777025580.6730 0.0327 -0.0020 1.1726
1777025580.6845 0.0325 -0.0039 1.1758
1777025580.6969 0.0276 -0.0010 1.1704
1777025580.7094 0.0334 -0.0022 1.1755
1777025580.7208 0.0332 0.0005 1.1729
1777025580.7332 0.0310 -0.0029 1.1675
1777025580.7446 0.0337 -0.0046 1.1670
1777025580.7573 0.0322 -0.0027 1.1677
1777025580.7687 0.0327 -0.0007 1.1689
1777025580.7811 0.0315 0.0000 1.1738
1777025580.7926 0.0330 0.0012 1.1699
1777025580.8049 0.0317 -0.0046 1.1702
1777025580.8170 0.0317 0.0002 1.1648
1777025580.8294 0.0337 -0.0012 1.1704
1777025580.8410 0.0303 -0.0041 1.1667
1777025580.8529 0.0347 -0.0015 1.1677
1777025580.8651 0.0339 0.0012 1.1719
1777025580.8774 0.0305 -0.0022 1.1699
1777025580.8891 0.0293 -0.0010 1.1660
1777025580.9005 0.0334 -0.0020 1.1663
1777025580.9129 0.0369 -0.0041 1.1724
1777025580.9251 0.0291 0.0005 1.1675
1777025580.9365 0.0325 -0.0027 1.1658
1777025580.9491 0.0322 0.0017 1.1733
1777025580.9614 0.0332 -0.0041 1.1709
1777025580.9726 0.0356 -0.0034 1.1692
1777025580.9847 0.0315 -0.0017 1.1716
1777025580.9973 0.0273 -0.0063 1.1677
1777025581.0087 0.0330 -0.0015 1.1699
1777025581.0206 0.0305 -0.0010 1.1704
1777025581.0330 0.0320 0.0002 1.1707
1777025581.0445 0.0325 -0.0015 1.1699
1777025581.0567 0.0349 -0.0024 1.1726
1777025581.0691 0.0354 -0.0049 1.1721
1777025581.0811 0.0349 -0.0015 1.1665
1777025581.0934 0.0300 -0.0022 1.1675
1777025581.1047 0.0303 -0.0002 1.1672
1777025581.1173 0.0327 -0.0012 1.1687
1777025581.1287 0.0320 -0.0005 1.1689
1777025581.1410 0.0303 -0.0010 1.1714
1777025581.1525 0.0337 -0.0039 1.1697
1777025581.1647 0.0300 0.0024 1.1650
1777025581.1771 0.0330 0.0015 1.1694
1777025581.1891 0.0352 -0.0049 1.1667
1777025581.2015 0.0334 -0.0017 1.1663
1777025581.2129 0.0330 -0.0063 1.1675
1777025581.2250 0.0317 -0.0044 1.1680
1777025581.2374 0.0337 -0.0020 1.1658
1777025581.2493 0.0320 -0.0017 1.1694
1777025581.2606 0.0315 -0.0005 1.1689
1777025581.2731 0.0337 -0.0034 1.1675
1777025581.2846 0.0337 -0.0041 1.1707
1777025581.2970 0.0330 0.0000 1.1658
1777025581.3094 0.0337 -0.0034 1.1748
1777025581.3209 0.0305 -0.0044 1.1650
1777025581.3333 0.0291 -0.0051 1.1707
1777025581.3448 0.0325 0.0015 1.1660
1777025581.3572 0.0327 -0.0015 1.1736
1777025581.3687 0.0310 -0.0015 1.1670
1777025581.3811 0.0298 -0.0059 1.1648
1777025581.3925 0.0347 -0.0002 1.1714
1777025581.4048 0.0308 -0.0007 1.1699
1777025581.4173 0.0315 -0.0015 1.1726
1777025581.4288 0.0354 -0.0002 1.1685
1777025581.4411 0.0344 0.0007 1.1675
1777025581.4527 0.0327 -0.0039 1.1702
1777025581.4652 0.0310 -0.0024 1.1665
1777025581.4775 0.0300 -0.0059 1.1716
1777025581.4891 0.0349 0.0000 1.1697
1777025581.5016 0.0332 -0.0037 1.1685
1777025581.5129 0.0320 -0.0015 1.1670
1777025581.5249 0.0317 0.0002 1.1724
1777025581.5373 0.0312 -0.0051 1.1709
1777025581.5485 0.0337 -0.0063 1.1689
1777025581.5610 0.0332 -0.0024 1.1719
1777025581.5732 0.0344 -0.0032 1.1670
1777025581.5848 0.0320 -0.0022 1.1677
1777025581.5974 0.0356 -0.0039 1.1704
1777025581.6090 0.0312 -0.0007 1.1697
1777025581.6216 0.0361 -0.0017 1.1704
1777025581.6330 0.0327 -0.0049 1.1704
1777025581.6455 0.0320 0.0005 1.1626
1777025581.6570 0.0293 -0.0024 1.1587
1777025581.6693 0.0317 -0.0015 1.1699
1777025581.6812 0.0322 -0.0017 1.1702
1777025581.6934 0.0322 0.0002 1.1675
1777025581.7048 0.0312 0.0002 1.1711
1777025581.7172 0.0332 0.0005 1.1765
1777025581.7291 0.0344 -0.0029 1.1677
1777025581.7407 0.0371 -0.0010 1.1714
1777025581.7534 0.0305 -0.0024 1.1646
1777025581.7658 0.0320 -0.0010 1.1655
1777025581.7774 0.0334 -0.0007 1.1716
1777025581.7892 0.0334 -0.0002 1.1721
1777025581.8017 0.0322 -0.0037 1.1658
1777025581.8132 0.0347 -0.0063 1.1665
1777025581.8251 0.0337 -0.0007 1.1797
1777025581.8367 0.0339 -0.0015 1.1667
1777025581.8496 0.0325 -0.0024 1.1692
1777025581.8608 0.0322 -0.0010 1.1721
1777025581.8731 0.0332 0.0010 1.1704
1777025581.8855 0.0332 -0.0056 1.1643
1777025581.8972 0.0288 0.0010 1.1685
1777025581.9087 0.0317 -0.0012 1.1704
1777025581.9208 0.0344 0.0002 1.1741
1777025581.9327 0.0325 0.0000 1.1707
1777025581.9455 0.0300 -0.0059 1.1697
1777025581.9575 0.0320 -0.0005 1.1707
1777025581.9691 0.0327 -0.0041 1.1667
1777025581.9810 0.0300 -0.0056 1.1692
1777025581.9927 0.0337 -0.0007 1.1687
1777025582.0052 0.0312 -0.0012 1.1689
1777025582.0170 0.0322 -0.0007 1.1692
1777025582.0288 0.0347 -0.0039 1.1704
1777025582.0408 0.0322 0.0007 1.1670
1777025582.0527 0.0349 0.0005 1.1729
1777025582.0655 0.0327 -0.0039 1.1689
1777025582.0770 0.0330 -0.0022 1.1670
1777025582.0891 0.0330 -0.0029 1.1719
1777025582.1017 0.0337 -0.0017 1.1733
1777025582.1130 0.0317 -0.0022 1.1677
1777025582.1251 0.0337 0.0007 1.1685
1777025582.1377 0.0354 -0.0063 1.1702
1777025582.1493 0.0334 -0.0032 1.1680
1777025582.1610 0.0342 -0.0039 1.1594
1777025582.1737 0.0374 -0.0024 1.1672
1777025582.1847 0.0315 -0.0005 1.1719
1777025582.1974 0.0339 -0.0024 1.1636
1777025582.2092 0.0344 0.0002 1.1667
1777025582.2209 0.0300 -0.0037 1.1672
1777025582.2327 0.0300 0.0010 1.1670
1777025582.2455 0.0308 -0.0029 1.1670
1777025582.2577 0.0312 -0.0032 1.1709
1777025582.2692 0.0315 -0.0007 1.1663
1777025582.2815 0.0339 0.0007 1.1709
1777025582.2932 0.0317 -0.0044 1.1687
1777025582.3048 0.0347 -0.0037 1.1675
1777025582.3177 0.0325 -0.0063 1.1707
1777025582.3294 0.0305 -0.0024 1.1724
1777025582.3411 0.0325 -0.0012 1.1697
1777025582.3538 0.0347 -0.0046 1.1741
1777025582.3648 0.0322 -0.0002 1.1680
1777025582.3776 0.0303 -0.0002 1.1641
1777025582.3888 0.0325 -0.0034 1.1650
1777025582.4017 0.0330 0.0005 1.1650
1777025582.4128 0.0305 -0.0056 1.1721
1777025582.4252 0.0352 -0.0039 1.1719
1777025582.4377 0.0356 -0.0012 1.1694
1777025582.4496 0.0293 -0.0012 1.1692
1777025582.4608 0.0312 -0.0034 1.1711
1777025582.4736 0.0332 0.0010 1.1707
1777025582.4848 0.0344 0.0012 1.1682
1777025582.4977 0.0295 0.0020 1.1699
1777025582.5090 0.0320 -0.0017 1.1682
1777025582.5212 0.0308 -0.0046 1.1694
1777025582.5337 0.0298 -0.0056 1.1719
1777025582.5453 0.0327 -0.0010 1.1606
1777025582.5576 0.0322 -0.0015 1.1702
1777025582.5690 0.0305 -0.0002 1.1704
1777025582.5816 0.0330 -0.0012 1.1653
1777025582.5933 0.0344 -0.0029 1.1663
1777025582.6058 0.0339 -0.0034 1.1711
1777025582.6174 0.0312 -0.0071 1.1702
1777025582.6293 0.0317 -0.0024 1.1653
1777025582.6411 0.0330 -0.0020 1.1650
1777025582.6528 0.0330 0.0005 1.1704
1777025582.6653 0.0356 -0.0024 1.1716
1777025582.6777 0.0317 -0.0017 1.1653
1777025582.6889 0.0332 -0.0041 1.1685
1777025582.7018 0.0317 -0.0029 1.1692
1777025582.7133 0.0356 -0.0032 1.1689
1777025582.7250 0.0295 -0.0027 1.1672
1777025582.7376 0.0352 -0.0022 1.1665
1777025582.7497 0.0298 -0.0017 1.1650
1777025582.7609 0.0330 -0.0002 1.1709
1777025582.7737 0.0337 -0.0017 1.1658
1777025582.7859 0.0295 -0.0017 1.1709
1777025582.7969 0.0334 -0.0046 1.1738
1777025582.8091 0.0322 0.0041 1.1719
1777025582.8210 0.0322 0.0000 1.1738
1777025582.8337 0.0325 -0.0017 1.1653
1777025582.8456 0.0305 -0.0022 1.1643
1777025582.8579 0.0278 -0.0010 1.1692
1777025582.8697 0.0303 -0.0002 1.1628
1777025582.8813 0.0344 0.0005 1.1663
1777025582.8937 0.0305 0.0012 1.1680
1777025582.9052 0.0295 -0.0049 1.1675
1777025582.9176 0.0322 -0.0068 1.1665
1777025582.9291 0.0300 0.0007 1.1677
1777025582.9416 0.0334 -0.0056 1.1675
1777025582.9529 0.0312 -0.0007 1.1702
1777025582.9653 0.0322 0.0005 1.1604
1777025582.9769 0.0298 -0.0034 1.1738
1777025582.9892 0.0327 -0.0015 1.1685
1777025583.0018 0.0291 -0.0051 1.1650
1777025583.0131 0.0305 0.0005 1.1638
1777025583.0253 0.0327 -0.0056 1.1648
1777025583.0377 0.0325 -0.0007 1.1772
1777025583.0494 0.0330 -0.0017 1.1694
1777025583.0619 0.0325 -0.0002 1.1672
1777025583.0732 0.0310 0.0020 1.1724
1777025583.0857 0.0315 -0.0017 1.1736
1777025583.0977 0.0305 -0.0007 1.1680
1777025583.1090 0.0308 -0.0017 1.1624
1777025583.1218 0.0330 -0.0041 1.1702
1777025583.1331 0.0320 -0.0059 1.1680
1777025583.1456 0.0342 -0.0037 1.1702
1777025583.1573 0.0332 -0.0027 1.1665
1777025583.1697 0.0339 -0.0002 1.1699
1777025583.1814 0.0332 -0.0027 1.1653
1777025583.1931 0.0361 -0.0022 1.1694
1777025583.2053 0.0320 -0.0015 1.1714
1777025583.2179 0.0334 -0.0024 1.1648
1777025583.2291 0.0330 0.0010 1.1694
1777025583.2415 0.0310 -0.0005 1.1714
1777025583.2534 0.0325 -0.0010 1.1616
1777025583.2659 0.0298 0.0000 1.1729
1777025583.2773 0.0271 -0.0049 1.1621
1777025583.2895 0.0298 -0.0056 1.1721
1777025583.3018 0.0310 -0.0022 1.1675
1777025583.3138 0.0334 -0.0015 1.1641
1777025583.3251 0.0293 -0.0015 1.1702
1777025583.3372 0.0339 -0.0005 1.1692
1777025583.3492 0.0305 -0.0015 1.1648
1777025583.3619 0.0317 -0.0054 1.1677
1777025583.3736 0.0322 -0.0041 1.1680
1777025583.3853 0.0317 0.0012 1.1716
1777025583.3970 0.0347 -0.0020 1.1694
1777025583.4098 0.0378 -0.0007 1.1653
1777025583.4211 0.0334 -0.0017 1.1665
1777025583.4337 0.0305 -0.0015 1.1643
1777025583.4451 0.0325 -0.0063 1.1694
1777025583.4580 0.0312 -0.0012 1.1641
1777025583.4697 0.0303 -0.0017 1.1755
1777025583.4815 0.0303 -0.0037 1.1650
1777025583.4934 0.0317 -0.0032 1.1687
1777025583.5059 0.0327 0.0007 1.1672
1777025583.5177 0.0293 -0.0034 1.1675
1777025583.5293 0.0303 -0.0032 1.1704
1777025583.5417 0.0347 0.0005 1.1680
1777025583.5540 0.0352 0.0005 1.1692
1777025583.5654 0.0315 -0.0041 1.1677
1777025583.5780 0.0322 -0.0024 1.1689
1777025583.5899 0.0312 -0.0029 1.1755
1777025583.6013 0.0330 -0.0054 1.1665
1777025583.6138 0.0344 -0.0046 1.1697
1777025583.6257 0.0334 -0.0020 1.1667
1777025583.6382 0.0325 -0.0034 1.1697
1777025583.6497 0.0342 0.0000 1.1616
1777025583.6621 0.0337 -0.0034 1.1707
1777025583.6737 0.0303 -0.0039 1.1633
1777025583.6863 0.0320 -0.0027 1.1680
1777025583.6982 0.0359 -0.0049 1.1724
1777025583.7098 0.0312 -0.0020 1.1729
1777025583.7220 0.0303 -0.0010 1.1685
1777025583.7346 0.0334 0.0022 1.1672
1777025583.7460 0.0352 -0.0007 1.1694
1777025583.7579 0.0312 -0.0049 1.1648
1777025583.7704 0.0332 -0.0022 1.1685
1777025583.7818 0.0347 -0.0034 1.1697
1777025583.7945 0.0305 -0.0041 1.1638
1777025583.8062 0.0315 0.0022 1.1704
1777025583.8179 0.0325 -0.0024 1.1682
1777025583.8298 0.0308 -0.0017 1.1704
1777025583.8423 0.0308 -0.0005 1.1763
1777025583.8541 0.0288 -0.0034 1.1748
1777025583.8664 0.0312 -0.0051 1.1631
1777025583.8779 0.0298 -0.0015 1.1714
1777025583.8906 0.0332 0.0012 1.1709
1777025583.9020 0.0342 -0.0017 1.1667
1777025583.9138 0.0300 -0.0020 1.1672
1777025583.9264 0.0339 0.0017 1.1675
1777025583.9379 0.0322 0.0007 1.1675
1777025583.9508 0.0322 0.0015 1.1689
1777025583.9623 0.0320 -0.0041 1.1667
1777025583.9739 0.0327 0.0000 1.1721
1777025583.9861 0.0305 -0.0076 1.1694
1777025583.9987 0.0330 -0.0020 1.1716
1777025584.0102 0.0366 -0.0002 1.1689
1777025584.0218 0.0332 -0.0017 1.1702
1777025584.0348 0.0293 -0.0012 1.1707
1777025584.0462 0.0332 -0.0039 1.1670
1777025584.0582 0.0305 0.0005 1.1672
1777025584.0705 0.0317 -0.0032 1.1641
1777025584.0825 0.0334 -0.0027 1.1660
1777025584.0942 0.0312 -0.0034 1.1643
1777025584.1066 0.0312 -0.0029 1.1648
1777025584.1183 0.0303 0.0010 1.1675
1777025584.1298 0.0334 -0.0015 1.1687
1777025584.1425 0.0308 -0.0012 1.1685
1777025584.1540 0.0332 -0.0024 1.1636
1777025584.1663 0.0320 -0.0002 1.1726
1777025584.1778 0.0317 -0.0041 1.1628
1777025584.1906 0.0359 -0.0046 1.1750
1777025584.2020 0.0322 -0.0015 1.1724
1777025584.2139 0.0293 -0.0002 1.1680
1777025584.2264 0.0312 -0.0046 1.1726
1777025584.2379 0.0317 -0.0015 1.1682
1777025584.2507 0.0339 -0.0029 1.1729
1777025584.2624 0.0300 -0.0002 1.1694
1777025584.2741 0.0356 -0.0024 1.1650
1777025584.2863 0.0308 0.0015 1.1677
1777025584.2980 0.0322 -0.0041 1.1611
1777025584.3104 0.0320 -0.0029 1.1641
1777025584.3221 0.0312 -0.0020 1.1667
1777025584.3348 0.0325 -0.0046 1.1707
1777025584.3463 0.0347 -0.0015 1.1709
1777025584.3581 0.0342 -0.0022 1.1692
1777025584.3706 0.0325 -0.0007 1.1687
1777025584.3823 0.0325 -0.0037 1.1716
1777025584.3942 0.0347 -0.0024 1.1692
1777025584.4066 0.0317 -0.0024 1.1689
1777025584.4180 0.0327 -0.0061 1.1689
1777025584.4306 0.0381 0.0007 1.1697
1777025584.4423 0.0288 -0.0046 1.1665
1777025584.4544 0.0308 -0.0034 1.1628
1777025584.4662 0.0315 -0.0024 1.1660
1777025584.4790 0.0322 -0.0044 1.1650
1777025584.4909 0.0327 -0.0012 1.1641
1777025584.5023 0.0327 -0.0010 1.1709
1777025584.5143 0.0312 -0.0049 1.1719
1777025584.5268 0.0317 0.0010 1.1675
1777025584.5385 0.0339 -0.0029 1.1694
1777025584.5509 0.0325 -0.0049 1.1677
1777025584.5624 0.0359 0.0002 1.1726
1777025584.5756 0.0344 -0.0010 1.1719
1777025584.5862 0.0322 -0.0010 1.1714
1777025584.5989 0.0366 -0.0039 1.1692
1777025584.6106 0.0317 -0.0017 1.1699
1777025584.6237 0.0322 -0.0034 1.1670
1777025584.6373 0.0308 -0.0061 1.1704
1777025584.6459 0.0322 0.0007 1.1714
1777025584.6590 0.0330 -0.0020 1.1699
1777025584.6702 0.0342 -0.0017 1.1658
1777025584.6828 0.0325 -0.0024 1.1707
1777025584.6948 0.0271 -0.0015 1.1741
1777025584.7063 0.0342 0.0000 1.1694
1777025584.7180 0.0364 -0.0034 1.1670
1777025584.7301 0.0339 0.0027 1.1692
1777025584.7424 0.0322 -0.0017 1.1709
1777025584.7546 0.0337 -0.0012 1.1682
1777025584.7664 0.0330 -0.0056 1.1692
1777025584.7784 0.0330 -0.0027 1.1694
1777025584.7905 0.0339 0.0002 1.1699
1777025584.8025 0.0337 -0.0049 1.1694
1777025584.8141 0.0315 -0.0012 1.1677
1777025584.8262 0.0315 -0.0056 1.1677
1777025584.8388 0.0354 -0.0051 1.1677
1777025584.8501 0.0320 -0.0007 1.1689
1777025584.8625 0.0303 -0.0044 1.1711
1777025584.8743 0.0330 -0.0022 1.1626
1777025584.8869 0.0312 -0.0012 1.1675
1777025584.8988 0.0317 0.0002 1.1765
1777025584.9106 0.0305 0.0002 1.1724
1777025584.9223 0.0354 -0.0020 1.1663
1777025584.9340 0.0317 -0.0020 1.1697
1777025584.9465 0.0320 0.0000 1.1689
1777025584.9583 0.0300 -0.0005 1.1677
1777025584.9710 0.0322 -0.0010 1.1636
1777025584.9828 0.0303 -0.0024 1.1692
1777025584.9939 0.0303 -0.0002 1.1702
1777025585.0064 0.0347 -0.0020 1.1672
1777025585.0187 0.0344 -0.0012 1.1665
1777025585.0303 0.0320 -0.0007 1.1721
1777025585.0429 0.0354 -0.0039 1.1702
1777025585.0542 0.0339 -0.0034 1.1653
1777025585.0667 0.0273 -0.0029 1.1699
1777025585.0786 0.0344 0.0005 1.1709
1777025585.0905 0.0322 -0.0037 1.1711
1777025585.1020 0.0312 0.0024 1.1667
1777025585.1141 0.0349 -0.0024 1.1633
1777025585.1266 0.0317 -0.0044 1.1687
1777025585.1383 0.0315 -0.0007 1.1628
1777025585.1505 0.0327 -0.0007 1.1704
1777025585.1628 0.0327 -0.0020 1.1680
1777025585.1743 0.0337 -0.0059 1.1697
1777025585.1862 0.0322 -0.0002 1.1694
1777025585.1987 0.0327 0.0015 1.1650
1777025585.2105 0.0315 -0.0022 1.1743
1777025585.2230 0.0288 -0.0024 1.1685
1777025585.2346 0.0347 -0.0039 1.1665
1777025585.2460 0.0293 -0.0041 1.1711
1777025585.2587 0.0320 -0.0005 1.1729
1777025585.2703 0.0310 0.0005 1.1736
1777025585.2825 0.0317 -0.0029 1.1660
1777025585.2948 0.0342 -0.0037 1.1721
1777025585.3062 0.0352 -0.0005 1.1685
1777025585.3183 0.0312 -0.0017 1.1670
1777025585.3306 0.0339 0.0000 1.1675
1777025585.3426 0.0332 -0.0034 1.1689
1777025585.3544 0.0308 -0.0049 1.1655
1777025585.3666 0.0359 -0.0059 1.1685
1777025585.3782 0.0334 -0.0010 1.1675
1777025585.3908 0.0354 -0.0002 1.1660
1777025585.4022 0.0312 -0.0027 1.1763
1777025585.4144 0.0320 -0.0022 1.1614
1777025585.4270 0.0293 -0.0005 1.1724
1777025585.4387 0.0312 0.0002 1.1692
1777025585.4510 0.0298 0.0015 1.1653
1777025585.4625 0.0339 -0.0041 1.1724
1777025585.4749 0.0342 -0.0020 1.1702
1777025585.4865 0.0312 -0.0044 1.1692
1777025585.4983 0.0364 0.0015 1.1663
1777025585.5110 0.0291 -0.0024 1.1702
1777025585.5224 0.0366 -0.0041 1.1641
1777025585.5343 0.0288 0.0005 1.1682
1777025585.5463 0.0322 0.0005 1.1631
1777025585.5583 0.0303 -0.0005 1.1699
1777025585.5702 0.0278 -0.0010 1.1680
1777025585.5830 0.0339 -0.0039 1.1729
1777025585.5948 0.0339 -0.0027 1.1724
1777025585.6064 0.0325 -0.0015 1.1672
1777025585.6182 0.0288 -0.0022 1.1733
1777025585.6308 0.0332 -0.0066 1.1760
1777025585.6423 0.0310 -0.0002 1.1643
1777025585.6548 0.0308 0.0000 1.1724
1777025585.6664 0.0349 -0.0039 1.1650
1777025585.6783 0.0310 -0.0029 1.1672
1777025585.6903 0.0310 -0.0007 1.1709
1777025585.7030 0.0322 -0.0051 1.1680
1777025585.7150 0.0344 0.0017 1.1660
1777025585.7267 0.0312 -0.0027 1.1687
1777025585.7383 0.0334 -0.0037 1.1636
1777025585.7503 0.0325 -0.0061 1.1709
1777025585.7621 0.0305 -0.0044 1.1748
1777025585.7748 0.0364 -0.0041 1.1665
1777025585.7867 0.0347 -0.0029 1.1709
1777025585.7983 0.0317 -0.0022 1.1699
1777025585.8109 0.0374 -0.0020 1.1699
1777025585.8228 0.0310 -0.0015 1.1743
1777025585.8344 0.0317 -0.0041 1.1680
1777025585.8470 0.0327 -0.0024 1.1660
1777025585.8587 0.0317 -0.0010 1.1694
1777025585.8705 0.0327 -0.0012 1.1699
1777025585.8831 0.0332 -0.0010 1.1687
1777025585.8950 0.0332 -0.0017 1.1685
1777025585.9067 0.0305 -0.0063 1.1726
1777025585.9188 0.0288 0.0005 1.1672
1777025585.9304 0.0342 -0.0029 1.1741
1777025585.9430 0.0315 -0.0024 1.1672
1777025585.9546 0.0330 -0.0037 1.1697
1777025585.9661 0.0303 -0.0027 1.1797
1777025585.9787 0.0347 -0.0029 1.1616
1777025585.9903 0.0391 -0.0061 1.1677
1777025586.0028 0.0310 -0.0002 1.1716
1777025586.0142 0.0310 0.0005 1.1736
1777025586.0270 0.0337 -0.0024 1.1655
1777025586.0382 0.0332 -0.0034 1.1670
1777025586.0503 0.0339 -0.0022 1.1650
1777025586.0627 0.0325 -0.0010 1.1699
1777025586.0742 0.0300 -0.0017 1.1658
1777025586.0869 0.0312 -0.0037 1.1650
1777025586.0983 0.0332 -0.0012 1.1716
1777025586.1108 0.0295 -0.0024 1.1729
1777025586.1222 0.0334 -0.0032 1.1646
1777025586.1350 0.0334 -0.0017 1.1719
1777025586.1466 0.0322 -0.0034 1.1741
1777025586.1583 0.0325 -0.0007 1.1780
1777025586.1712 0.0337 -0.0056 1.1707
1777025586.1824 0.0342 -0.0020 1.1702
1777025586.1950 0.0354 -0.0049 1.1755
1777025586.2066 0.0315 -0.0027 1.1685
1777025586.2187 0.0320 -0.0007 1.1667
1777025586.2303 0.0342 -0.0032 1.1614
1777025586.2427 0.0330 -0.0020 1.1685
1777025586.2543 0.0320 -0.0066 1.1692
1777025586.2671 0.0320 -0.0010 1.1736
1777025586.2784 0.0320 -0.0010 1.1653
1777025586.2902 0.0332 -0.0017 1.1687
1777025586.3023 0.0332 -0.0002 1.1675
1777025586.3144 0.0342 -0.0029 1.1692
1777025586.3269 0.0327 -0.0029 1.1716
1777025586.3383 0.0325 -0.0015 1.1709
1777025586.3505 0.0366 -0.0024 1.1648
1777025586.3631 0.0354 -0.0007 1.1680
1777025586.3744 0.0332 -0.0017 1.1643
1777025586.3864 0.0349 0.0015 1.1641
1777025586.3990 0.0352 0.0020 1.1726
1777025586.4107 0.0305 -0.0024 1.1650
1777025586.4223 0.0317 -0.0054 1.1658
1777025586.4351 0.0342 -0.0034 1.1694
1777025586.4468 0.0344 -0.0022 1.1692
1777025586.4583 0.0288 -0.0012 1.1724
1777025586.4707 0.0337 -0.0051 1.1682
1777025586.4832 0.0315 -0.0061 1.1677
1777025586.4950 0.0310 -0.0012 1.1663
1777025586.5072 0.0293 -0.0041 1.1680
1777025586.5185 0.0354 -0.0063 1.1653
1777025586.5311 0.0349 -0.0012 1.1694
1777025586.5430 0.0320 -0.0073 1.1650
1777025586.5553 0.0361 -0.0029 1.1672
1777025586.5669 0.0317 -0.0027 1.1699
1777025586.5784 0.0344 -0.0022 1.1758
1777025586.5913 0.0305 -0.0029 1.1711
1777025586.6031 0.0322 -0.0010 1.1675
1777025586.6146 0.0327 0.0007 1.1755
1777025586.6272 0.0312 -0.0012 1.1738
1777025586.6385 0.0334 -0.0024 1.1699
1777025586.6511 0.0327 -0.0012 1.1721
1777025586.6627 0.0315 -0.0059 1.1704
1777025586.6746 0.0310 -0.0015 1.1707
1777025586.6872 0.0366 -0.0032 1.1694
1777025586.6989 0.0317 -0.0027 1.1677
1777025586.7106 0.0278 -0.0054 1.1665
1777025586.7232 0.0300 -0.0032 1.1670
1777025586.7349 0.0330 -0.0039 1.1685
1777025586.7465 0.0303 0.0007 1.1675
1777025586.7593 0.0327 0.0007 1.1714
1777025586.7708 0.0317 -0.0032 1.1677
1777025586.7824 0.0337 0.0015 1.1753
1777025586.7951 0.0332 -0.0039 1.1704
1777025586.8065 0.0281 -0.0037 1.1729
1777025586.8190 0.0330 -0.0022 1.1672
1777025586.8305 0.0300 -0.0032 1.1677
1777025586.8432 0.0325 -0.0034 1.1663
1777025586.8548 0.0293 -0.0029 1.1743
1777025586.8666 0.0308 -0.0012 1.1663
1777025586.8784 0.0347 -0.0007 1.1672
1777025586.8906 0.0320 -0.0044 1.1658
1777025586.9031 0.0278 -0.0024 1.1663
1777025586.9146 0.0359 -0.0010 1.1672
1777025586.9272 0.0327 -0.0029 1.1665
1777025586.9386 0.0278 -0.0027 1.1638
1777025586.9510 0.0352 -0.0010 1.1716
1777025586.9630 0.0361 -0.0056 1.1729
1777025586.9748 0.0364 -0.0041 1.1704
1777025586.9866 0.0315 0.0005 1.1614
1777025586.9992 0.0300 0.0002 1.1655
1777025587.0105 0.0344 0.0007 1.1675
1777025587.0223 0.0315 -0.0024 1.1702
1777025587.0349 0.0352 -0.0051 1.1729
1777025587.0473 0.0339 -0.0010 1.1677
1777025587.0595 0.0291 -0.0037 1.1707
1777025587.0704 0.0315 -0.0034 1.1699
1777025587.0831 0.0352 -0.0020 1.1658
1777025587.0946 0.0342 -0.0051 1.1685
1777025587.1071 0.0344 -0.0068 1.1689
1777025587.1189 0.0300 -0.0044 1.1682
1777025587.1314 0.0349 -0.0027 1.1704
1777025587.1435 0.0332 -0.0012 1.1694
1777025587.1548 0.0327 -0.0012 1.1748
1777025587.1673 0.0320 -0.0034 1.1655
1777025587.1789 0.0300 -0.0037 1.1643
1777025587.1911 0.0317 -0.0044 1.1719
1777025587.2027 0.0339 -0.0015 1.1697
1777025587.2146 0.0315 -0.0027 1.1650
1777025587.2272 0.0356 -0.0010 1.1760
1777025587.2388 0.0330 -0.0027 1.1729
1777025587.2509 0.0295 -0.0002 1.1716
1777025587.2630 0.0317 0.0005 1.1702
1777025587.2744 0.0342 -0.0017 1.1707
1777025587.2871 0.0317 0.0000 1.1682
1777025587.2993 0.0334 -0.0032 1.1694
1777025587.3107 0.0327 0.0000 1.1714
1777025587.3225 0.0298 0.0002 1.1648
1777025587.3350 0.0322 -0.0066 1.1611
1777025587.3474 0.0293 -0.0024 1.1697
1777025587.3589 0.0327 -0.0032 1.1697
1777025587.3712 0.0342 -0.0010 1.1711
1777025587.3829 0.0322 -0.0007 1.1707
1777025587.3948 0.0332 -0.0012 1.1682
1777025587.4070 0.0347 -0.0024 1.1685
1777025587.4187 0.0320 -0.0046 1.1653
1777025587.4311 0.0332 -0.0039 1.1660
1777025587.4427 0.0317 0.0005 1.1643
1777025587.4544 0.0325 0.0010 1.1650
1777025587.4675 0.0364 0.0012 1.1611
1777025587.4792 0.0344 -0.0002 1.1702
1777025587.4909 0.0310 -0.0034 1.1672
1777025587.5030 0.0300 -0.0012 1.1704
1777025587.5146 0.0256 -0.0034 1.1665
1777025587.5269 0.0354 0.0012 1.1704
1777025587.5390 0.0332 -0.0027 1.1765
1777025587.5510 0.0322 -0.0039 1.1677
1777025587.5629 0.0303 -0.0024 1.1775
1777025587.5745 0.0344 -0.0056 1.1719
1777025587.5871 0.0308 -0.0017 1.1675
1777025587.5987 0.0310 -0.0017 1.1704
1777025587.6112 0.0315 -0.0037 1.1638
1777025587.6229 0.0315 -0.0041 1.1653
1777025587.6346 0.0325 -0.0002 1.1672
1777025587.6471 0.0342 -0.0015 1.1665
1777025587.6586 0.0330 -0.0039 1.1672
1777025587.6709 0.0352 -0.0002 1.1702
1777025587.6832 0.0288 -0.0002 1.1677
1777025587.6948 0.0322 0.0007 1.1724
1777025587.7072 0.0283 -0.0041 1.1675
1777025587.7189 0.0334 -0.0029 1.1672
1777025587.7314 0.0295 -0.0020 1.1699
1777025587.7429 0.0298 -0.0034 1.1685
1777025587.7546 0.0305 -0.0051 1.1726
1777025587.7672 0.0339 -0.0041 1.1677
1777025587.7791 0.0327 -0.0024 1.1699
1777025587.7908 0.0320 -0.0017 1.1694
1777025587.8036 0.0339 0.0000 1.1731
1777025587.8148 0.0317 -0.0034 1.1689
1777025587.8272 0.0322 -0.0027 1.1633
1777025587.8386 0.0322 -0.0015 1.1621
1777025587.8511 0.0327 -0.0027 1.1677
1777025587.8633 0.0315 -0.0022 1.1775
1777025587.8749 0.0344 -0.0022 1.1626
1777025587.8867 0.0317 -0.0027 1.1733
1777025587.8993 0.0337 -0.0054 1.1724
1777025587.9109 0.0308 0.0000 1.1753
1777025587.9232 0.0337 -0.0034 1.1697
1777025587.9346 0.0298 -0.0024 1.1685
1777025587.9475 0.0332 0.0010 1.1716
1777025587.9589 0.0325 -0.0044 1.1677
1777025587.9714 0.0305 -0.0017 1.1675
1777025587.9828 0.0337 -0.0037 1.1663
1777025587.9950 0.0327 -0.0051 1.1663
1777025588.0076 0.0364 0.0007 1.1677
1777025588.0196 0.0330 -0.0027 1.1682
1777025588.0310 0.0317 -0.0041 1.1711
1777025588.0436 0.0310 0.0012 1.1707
1777025588.0553 0.0344 -0.0015 1.1704
1777025588.0674 0.0327 -0.0017 1.1689
1777025588.0795 0.0347 0.0012 1.1704
1777025588.0914 0.0325 -0.0022 1.1653
1777025588.1030 0.0332 -0.0015 1.1667
1777025588.1153 0.0317 -0.0037 1.1707
1777025588.1272 0.0310 0.0000 1.1716
1777025588.1394 0.0317 -0.0041 1.1716
1777025588.1511 0.0347 0.0000 1.1711
1777025588.1636 0.0398 0.0017 1.1624
1777025588.1752 0.0320 0.0012 1.1689
1777025588.1868 0.0305 -0.0017 1.1702
1777025588.1995 0.0312 -0.0010 1.1685
1777025588.2108 0.0315 -0.0037 1.1636
1777025588.2227 0.0337 -0.0066 1.1746
1777025588.2356 0.0322 -0.0037 1.1665
1777025588.2475 0.0303 -0.0022 1.1719
1777025588.2594 0.0322 0.0020 1.1707
1777025588.2709 0.0339 -0.0024 1.1711
1777025588.2835 0.0344 -0.0027 1.1716
1777025588.2952 0.0361 0.0000 1.1655
1777025588.3066 0.0344 -0.0039 1.1616
1777025588.3191 0.0337 -0.0024 1.1655
1777025588.3314 0.0327 -0.0005 1.1729
1777025588.3430 0.0298 -0.0017 1.1633
1777025588.3549 0.0332 -0.0024 1.1775
1777025588.3673 0.0337 -0.0024 1.1711
1777025588.3792 0.0276 0.0015 1.1641
1777025588.3912 0.0320 -0.0017 1.1689
1777025588.4028 0.0320 -0.0059 1.1672
1777025588.4156 0.0315 -0.0005 1.1733
1777025588.4272 0.0339 -0.0005 1.1658
1777025588.4388 0.0349 -0.0037 1.1682
1777025588.4515 0.0317 -0.0029 1.1709
1777025588.4635 0.0298 -0.0024 1.1689
1777025588.4757 0.0310 -0.0039 1.1731
1777025588.4875 0.0330 0.0015 1.1685
1777025588.4993 0.0300 -0.0020 1.1682
1777025588.5109 0.0327 -0.0037 1.1758
1777025588.5227 0.0286 -0.0022 1.1729
1777025588.5355 0.0293 -0.0034 1.1670
1777025588.5475 0.0298 -0.0017 1.1680
1777025588.5597 0.0315 -0.0022 1.1685
1777025588.5714 0.0322 -0.0037 1.1624
1777025588.5834 0.0332 -0.0041 1.1667
1777025588.5948 0.0366 -0.0017 1.1663
1777025588.6069 0.0291 -0.0022 1.1704
1777025588.6188 0.0327 -0.0015 1.1687
1777025588.6310 0.0332 -0.0002 1.1660
1777025588.6431 0.0339 -0.0015 1.1670
1777025588.6548 0.0332 -0.0010 1.1743
1777025588.6677 0.0278 -0.0029 1.1707
1777025588.6794 0.0317 -0.0034 1.1699
1777025588.6917 0.0337 -0.0012 1.1689
1777025588.7030 0.0322 -0.0017 1.1697
1777025588.7148 0.0295 -0.0029 1.1697
1777025588.7267 0.0298 -0.0007 1.1726
1777025588.7393 0.0325 -0.0007 1.1709
1777025588.7511 0.0293 -0.0061 1.1704
1777025588.7636 0.0322 0.0007 1.1694
1777025588.7753 0.0317 0.0005 1.1714
1777025588.7873 0.0342 0.0017 1.1689
1777025588.7989 0.0342 0.0000 1.1648
1777025588.8112 0.0330 -0.0017 1.1709
1777025588.8230 0.0349 -0.0029 1.1680
1777025588.8349 0.0339 -0.0002 1.1675
1777025588.8476 0.0278 -0.0027 1.1733
1777025588.8592 0.0315 -0.0054 1.1665
1777025588.8719 0.0342 0.0002 1.1736
1777025588.8836 0.0330 -0.0007 1.1704
1777025588.8957 0.0334 -0.0020 1.1689
1777025588.9073 0.0308 -0.0032 1.1689
1777025588.9191 0.0339 -0.0046 1.1687
1777025588.9308 0.0322 -0.0012 1.1680
1777025588.9435 0.0310 0.0002 1.1628
1777025588.9556 0.0354 0.0007 1.1663
1777025588.9669 0.0361 -0.0012 1.1658
1777025588.9793 0.0303 -0.0005 1.1587
1777025588.9909 0.0295 -0.0015 1.1677
1777025589.0034 0.0371 -0.0012 1.1677
1777025589.0155 0.0344 -0.0024 1.1636
1777025589.0268 0.0315 -0.0007 1.1650
1777025589.0392 0.0334 0.0000 1.1672
1777025589.0514 0.0322 -0.0022 1.1648
1777025589.0628 0.0300 -0.0010 1.1707
1777025589.0758 0.0332 0.0022 1.1665
1777025589.0871 0.0347 -0.0039 1.1648
1777025589.0995 0.0291 -0.0005 1.1655
1777025589.1111 0.0300 0.0007 1.1699
1777025589.1234 0.0317 -0.0039 1.1731
1777025589.1352 0.0347 -0.0017 1.1707
1777025589.1477 0.0342 0.0005 1.1680
1777025589.1590 0.0330 0.0005 1.1743
1777025589.1714 0.0327 -0.0054 1.1682
1777025589.1836 0.0342 -0.0027 1.1685
1777025589.1952 0.0344 -0.0056 1.1729
1777025589.2075 0.0352 -0.0010 1.1738
1777025589.2191 0.0347 -0.0002 1.1721
1777025589.2318 0.0356 0.0012 1.1724
1777025589.2436 0.0337 -0.0017 1.1733
1777025589.2558 0.0334 -0.0017 1.1672
1777025589.2671 0.0325 0.0000 1.1697
1777025589.2794 0.0330 -0.0022 1.1658
1777025589.2915 0.0308 -0.0039 1.1714
1777025589.3032 0.0308 -0.0017 1.1667
1777025589.3149 0.0347 -0.0037 1.1738
1777025589.3271 0.0312 -0.0041 1.1677
1777025589.3396 0.0327 0.0017 1.1704
1777025589.3512 0.0327 -0.0017 1.1670
1777025589.3635 0.0317 -0.0020 1.1697
1777025589.3750 0.0325 -0.0020 1.1702
1777025589.3869 0.0317 -0.0017 1.1721
1777025589.3993 0.0298 0.0012 1.1736
1777025589.4113 0.0339 -0.0012 1.1741
1777025589.4236 0.0303 -0.0032 1.1665
1777025589.4350 0.0320 -0.0059 1.1726
1777025589.4477 0.0300 -0.0005 1.1677
1777025589.4591 0.0327 -0.0061 1.1675
1777025589.4716 0.0278 -0.0029 1.1667
1777025589.4836 0.0308 -0.0046 1.1731
1777025589.4950 0.0347 -0.0041 1.1680
1777025589.5074 0.0349 -0.0046 1.1741
1777025589.5190 0.0298 -0.0056 1.1709
1777025589.5315 0.0322 -0.0041 1.1726
1777025589.5432 0.0305 -0.0046 1.1770
1777025589.5558 0.0332 -0.0007 1.1702
1777025589.5673 0.0320 0.0005 1.1670
1777025589.5795 0.0327 -0.0041 1.1714
1777025589.5918 0.0312 -0.0017 1.1675
1777025589.6031 0.0325 0.0000 1.1650
1777025589.6157 0.0342 -0.0027 1.1687
1777025589.6271 0.0317 -0.0022 1.1653
1777025589.6396 0.0322 0.0027 1.1685
1777025589.6511 0.0366 -0.0020 1.1658
1777025589.6634 0.0381 -0.0024 1.1660
1777025589.6758 0.0315 0.0017 1.1785
1777025589.6875 0.0330 -0.0032 1.1719
1777025589.6991 0.0312 -0.0032 1.1604
1777025589.7118 0.0325 -0.0039 1.1621
1777025589.7233 0.0286 -0.0007 1.1704
1777025589.7357 0.0312 -0.0015 1.1719
1777025589.7480 0.0337 -0.0005 1.1694
1777025589.7592 0.0303 -0.0020 1.1697
1777025589.7717 0.0339 -0.0034 1.1646
1777025589.7831 0.0312 0.0007 1.1702
1777025589.7964 0.0352 -0.0010 1.1689
1777025589.8078 0.0327 0.0002 1.1638
1777025589.8199 0.0327 -0.0027 1.1670
1777025589.8312 0.0371 -0.0024 1.1726
1777025589.8439 0.0322 -0.0015 1.1687
1777025589.8560 0.0339 -0.0037 1.1733
1777025589.8674 0.0325 -0.0012 1.1753
1777025589.8798 0.0354 -0.0068 1.1633
1777025589.8915 0.0305 -0.0012 1.1697
1777025589.9040 0.0308 0.0007 1.1699
1777025589.9160 0.0332 -0.0002 1.1667
1777025589.9282 0.0317 -0.0010 1.1702
1777025589.9414 0.0315 0.0012 1.1729
1777025589.9525 0.0273 -0.0034 1.1653
1777025589.9637 0.0317 -0.0037 1.1672
1777025589.9754 0.0295 -0.0005 1.1711
1777025589.9872 0.0342 -0.0012 1.1721
1777025589.9998 0.0322 -0.0059 1.1677
1777025590.0113 0.0366 -0.0015 1.1677
1777025590.0246 0.0308 -0.0041 1.1660
1777025590.0361 0.0366 -0.0005 1.1699
1777025590.0479 0.0332 -0.0024 1.1707
1777025590.0593 0.0349 -0.0010 1.1665
1777025590.0721 0.0312 -0.0022 1.1750
1777025590.0838 0.0322 -0.0039 1.1643
1777025590.0955 0.0317 -0.0059 1.1733
1777025590.1081 0.0312 -0.0022 1.1714
1777025590.1200 0.0322 -0.0034 1.1677
1777025590.1316 0.0312 -0.0056 1.1709
1777025590.1441 0.0317 -0.0015 1.1680
1777025590.1564 0.0342 -0.0029 1.1675
1777025590.1680 0.0342 -0.0005 1.1719
1777025590.1795 0.0354 -0.0032 1.1675
1777025590.1917 0.0317 -0.0024 1.1750
1777025590.2037 0.0359 -0.0010 1.1724
1777025590.2159 0.0276 -0.0005 1.1733
1777025590.2275 0.0295 -0.0032 1.1638
1777025590.2398 0.0320 -0.0010 1.1714
1777025590.2514 0.0315 -0.0020 1.1658
1777025590.2637 0.0298 -0.0024 1.1655
1777025590.2758 0.0320 0.0002 1.1677
1777025590.2877 0.0334 -0.0007 1.1631
1777025590.3012 0.0244 -0.0012 1.1707
1777025590.3134 0.0005 -0.0125 1.1592
1777025590.3242 -0.0227 -0.0105 1.1738
1777025590.3364 0.0105 -0.0073 1.1750
1777025590.3480 -0.0205 -0.0181 1.1179
