% force (using distance sensor input) logfile
% 1 	Time (sec)
% 2-3 	estimated force (1 and 2)
% 4-5 	Raw AD values (1 and 2)
1777025564.7437 0 0 0 0
1777025564.7634 0 0 0 0
1777025564.7828 0 0 0 0
1777025564.8033 0 0 0 0
1777025564.8236 0 0 0 0
1777025564.8430 0 0 0 0
1777025564.8628 0 0 0 0
1777025564.8830 0 0 0 0
1777025564.9030 0 0 0 0
1777025564.9231 0 0 0 0
1777025564.9433 0 0 0 0
1777025564.9638 0 0 0 0
1777025564.9830 0 0 0 0
1777025565.0036 0 0 0 0
1777025565.0232 0 0 0 0
1777025565.0433 0 0 0 0
1777025565.0636 0 0 0 0
1777025565.0828 0 0 0 0
1777025565.1035 0 0 0 0
1777025565.1230 0 0 0 0
1777025565.1435 0 0 0 0
1777025565.1636 0 0 0 0
1777025565.1828 0 0 0 0
1777025565.2035 0 0 0 0
1777025565.2236 0 0 0 0
1777025565.2428 0 0 0 0
1777025565.2638 0 0 0 0
1777025565.2830 0 0 0 0
1777025565.3029 0 0 0 0
1777025565.3236 0 0 0 0
1777025565.3431 0 0 0 0
1777025565.3629 0 0 0 0
1777025565.3833 0 0 0 0
1777025565.4034 0 0 0 0
1777025565.4238 0 0 0 0
1777025565.4431 0 0 0 0
1777025565.4628 0 0 0 0
1777025565.4830 0 0 0 0
1777025565.5030 0 0 0 0
1777025565.5237 0 0 0 0
1777025565.5429 0 0 0 0
1777025565.5629 0 0 0 0
1777025565.5835 0 0 0 0
1777025565.6028 0 0 0 0
1777025565.6236 0 0 0 0
1777025565.6428 0 0 0 0
1777025565.6633 0 0 0 0
1777025565.6836 0 0 0 0
1777025565.7029 0 0 0 0
1777025565.7236 0 0 0 0
1777025565.7429 0 0 0 0
1777025565.7636 0 0 0 0
1777025565.7833 0 0 0 0
1777025565.8032 0 0 0 0
1777025565.8236 0 0 0 0
1777025565.8439 0 0 0 0
1777025565.8638 0 0 0 0
1777025565.8831 0 0 0 0
1777025565.9033 0 0 0 0
1777025565.9231 0 0 0 0
1777025565.9437 0 0 0 0
1777025565.9638 0 0 0 0
1777025565.9833 0 0 0 0
1777025566.0033 0 0 0 0
1777025566.0239 0 0 0 0
1777025566.0431 0 0 0 0
1777025566.0632 0 0 0 0
1777025566.0830 0 0 0 0
1777025566.1039 0 0 0 0
1777025566.1229 0 0 0 0
1777025566.1435 0 0 0 0
1777025566.1638 0 0 0 0
1777025566.1830 0 0 0 0
1777025566.2036 0 0 0 0
1777025566.2231 0 0 0 0
1777025566.2431 0 0 0 0
1777025566.2629 0 0 0 0
1777025566.2834 0 0 0 0
1777025566.3032 0 0 0 0
1777025566.3230 0 0 0 0
1777025566.3431 0 0 0 0
1777025566.3638 0 0 0 0
1777025566.3834 0 0 0 0
1777025566.4037 0 0 0 0
1777025566.4234 0 0 0 0
1777025566.4436 0 0 0 0
1777025566.4637 0 0 0 0
1777025566.4833 0 0 0 0
1777025566.5031 0 0 0 0
1777025566.5231 0 0 0 0
1777025566.5440 0 0 0 0
1777025566.5636 0 0 0 0
1777025566.5831 0 0 0 0
1777025566.6033 0 0 0 0
1777025566.6231 0 0 0 0
1777025566.6437 0 0 0 0
1777025566.6631 0 0 0 0
1777025566.6830 0 0 0 0
1777025566.7035 0 0 0 0
1777025566.7234 0 0 0 0
1777025566.7439 0 0 0 0
1777025566.7640 0 0 0 0
1777025566.7836 0 0 0 0
1777025566.8034 0 0 0 0
1777025566.8236 0 0 0 0
1777025566.8438 0 0 0 0
1777025566.8633 0 0 0 0
1777025566.8832 0 0 0 0
1777025566.9061 0 0 0 0
1777025566.9240 0 0 0 0
1777025566.9439 0 0 0 0
1777025566.9633 0 0 0 0
1777025566.9841 0 0 0 0
1777025567.0038 0 0 0 0
1777025567.0230 0 0 0 0
1777025567.0436 0 0 0 0
1777025567.0642 0 0 0 0
1777025567.0833 0 0 0 0
1777025567.1038 0 0 0 0
1777025567.1240 0 0 0 0
1777025567.1438 0 0 0 0
1777025567.1642 0 0 0 0
1777025567.1837 0 0 0 0
1777025567.2032 0 0 0 0
1777025567.2242 0 0 0 0
1777025567.2436 0 0 0 0
1777025567.2634 0 0 0 0
1777025567.2837 0 0 0 0
1777025567.3034 0 0 0 0
1777025567.3241 0 0 0 0
1777025567.3433 0 0 0 0
1777025567.3633 0 0 0 0
1777025567.3836 0 0 0 0
1777025567.4040 0 0 0 0
1777025567.4240 0 0 0 0
1777025567.4434 0 0 0 0
1777025567.4634 0 0 0 0
1777025567.4840 0 0 0 0
1777025567.5033 0 0 0 0
1777025567.5239 0 0 0 0
1777025567.5436 0 0 0 0
1777025567.5642 0 0 0 0
1777025567.5842 0 0 0 0
1777025567.6038 0 0 0 0
1777025567.6241 0 0 0 0
1777025567.6435 0 0 0 0
1777025567.6637 0 0 0 0
1777025567.6839 0 0 0 0
1777025567.7033 0 0 0 0
1777025567.7233 0 0 0 0
1777025567.7436 0 0 0 0
1777025567.7643 0 0 0 0
1777025567.7836 0 0 0 0
1777025567.8035 0 0 0 0
1777025567.8240 0 0 0 0
1777025567.8437 0 0 0 0
1777025567.8638 0 0 0 0
1777025567.8841 0 0 0 0
1777025567.9036 0 0 0 0
1777025567.9241 0 0 0 0
1777025567.9433 0 0 0 0
1777025567.9642 0 0 0 0
1777025567.9837 0 0 0 0
1777025568.0042 0 0 0 0
1777025568.0238 0 0 0 0
1777025568.0434 0 0 0 0
1777025568.0640 0 0 0 0
1777025568.0833 0 0 0 0
1777025568.1042 0 0 0 0
1777025568.1237 0 0 0 0
1777025568.1437 0 0 0 0
1777025568.1636 0 0 0 0
1777025568.1839 0 0 0 0
1777025568.2035 0 0 0 0
1777025568.2237 0 0 0 0
1777025568.2440 0 0 0 0
1777025568.2637 0 0 0 0
1777025568.2839 0 0 0 0
1777025568.3043 0 0 0 0
1777025568.3239 0 0 0 0
1777025568.3441 0 0 0 0
1777025568.3635 0 0 0 0
1777025568.3837 0 0 0 0
1777025568.4044 0 0 0 0
1777025568.4237 0 0 0 0
1777025568.4441 0 0 0 0
1777025568.4640 0 0 0 0
1777025568.4843 0 0 0 0
1777025568.5037 0 0 0 0
1777025568.5241 0 0 0 0
1777025568.5443 0 0 0 0
1777025568.5640 0 0 0 0
1777025568.5834 0 0 0 0
1777025568.6044 0 0 0 0
1777025568.6240 0 0 0 0
1777025568.6433 0 0 0 0
1777025568.6639 0 0 0 0
1777025568.6842 0 0 0 0
1777025568.7040 0 0 0 0
1777025568.7234 0 0 0 0
1777025568.7437 0 0 0 0
1777025568.7634 0 0 0 0
1777025568.7835 0 0 0 0
1777025568.8034 0 0 0 0
1777025568.8239 0 0 0 0
1777025568.8443 0 0 0 0
1777025568.8643 0 0 0 0
1777025568.8839 0 0 0 0
1777025568.9041 0 0 0 0
1777025568.9237 0 0 0 0
1777025568.9434 0 0 0 0
1777025568.9639 0 0 0 0
1777025568.9842 0 0 0 0
1777025569.0035 0 0 0 0
1777025569.0238 0 0 0 0
1777025569.0441 0 0 0 0
1777025569.0640 0 0 0 0
1777025569.0842 0 0 0 0
1777025569.1036 0 0 0 0
1777025569.1240 0 0 0 0
1777025569.1443 0 0 0 0
1777025569.1641 0 0 0 0
1777025569.1844 0 0 0 0
1777025569.2040 0 0 0 0
1777025569.2235 0 0 0 0
1777025569.2438 0 0 0 0
1777025569.2642 0 0 0 0
1777025569.2836 0 0 0 0
1777025569.3044 0 0 0 0
1777025569.3239 0 0 0 0
1777025569.3435 0 0 0 0
1777025569.3640 0 0 0 0
1777025569.3841 0 0 0 0
1777025569.4039 0 0 0 0
1777025569.4242 0 0 0 0
1777025569.4442 0 0 0 0
1777025569.4637 0 0 0 0
1777025569.4838 0 0 0 0
1777025569.5035 0 0 0 0
1777025569.5245 0 0 0 0
1777025569.5443 0 0 0 0
1777025569.5639 0 0 0 0
1777025569.5841 0 0 0 0
1777025569.6035 0 0 0 0
1777025569.6240 0 0 0 0
1777025569.6440 0 0 0 0
1777025569.6642 0 0 0 0
1777025569.6835 0 0 0 0
1777025569.7035 0 0 0 0
1777025569.7239 0 0 0 0
1777025569.7442 0 0 0 0
1777025569.7641 0 0 0 0
1777025569.7845 0 0 0 0
1777025569.8037 0 0 0 0
1777025569.8235 0 0 0 0
1777025569.8440 0 0 0 0
1777025569.8640 0 0 0 0
1777025569.8844 0 0 0 0
1777025569.9038 0 0 0 0
1777025569.9236 0 0 0 0
1777025569.9436 0 0 0 0
1777025569.9636 0 0 0 0
1777025569.9843 0 0 0 0
1777025570.0039 0 0 0 0
1777025570.0243 0 0 0 0
1777025570.0446 0 0 0 0
1777025570.0643 0 0 0 0
1777025570.0845 0 0 0 0
1777025570.1039 0 0 0 0
1777025570.1246 0 0 0 0
1777025570.1437 0 0 0 0
1777025570.1642 0 0 0 0
1777025570.1835 0 0 0 0
1777025570.2036 0 0 0 0
1777025570.2241 0 0 0 0
1777025570.2436 0 0 0 0
1777025570.2643 0 0 0 0
1777025570.2845 0 0 0 0
1777025570.3040 0 0 0 0
1777025570.3245 0 0 0 0
1777025570.3440 0 0 0 0
1777025570.3642 0 0 0 0
1777025570.3844 0 0 0 0
1777025570.4038 0 0 0 0
1777025570.4244 0 0 0 0
1777025570.4439 0 0 0 0
1777025570.4641 0 0 0 0
1777025570.4836 0 0 0 0
1777025570.5038 0 0 0 0
1777025570.5242 0 0 0 0
1777025570.5445 0 0 0 0
1777025570.5640 0 0 0 0
1777025570.5845 0 0 0 0
1777025570.6038 0 0 0 0
1777025570.6242 0 0 0 0
1777025570.6444 0 0 0 0
1777025570.6641 0 0 0 0
1777025570.6839 0 0 0 0
1777025570.7046 0 0 0 0
1777025570.7242 0 0 0 0
1777025570.7445 0 0 0 0
1777025570.7637 0 0 0 0
1777025570.7844 0 0 0 0
1777025570.8047 0 0 0 0
1777025570.8241 0 0 0 0
1777025570.8437 0 0 0 0
1777025570.8643 0 0 0 0
1777025570.8838 0 0 0 0
1777025570.9042 0 0 0 0
1777025570.9245 0 0 0 0
1777025570.9445 0 0 0 0
1777025570.9642 0 0 0 0
1777025570.9846 0 0 0 0
1777025571.0045 0 0 0 0
1777025571.0244 0 0 0 0
1777025571.0437 0 0 0 0
1777025571.0641 0 0 0 0
1777025571.0838 0 0 0 0
1777025571.1042 0 0 0 0
1777025571.1244 0 0 0 0
1777025571.1447 0 0 0 0
1777025571.1642 0 0 0 0
1777025571.1839 0 0 0 0
1777025571.2044 0 0 0 0
1777025571.2245 0 0 0 0
1777025571.2437 0 0 0 0
1777025571.2642 0 0 0 0
1777025571.2838 0 0 0 0
1777025571.3041 0 0 0 0
1777025571.3246 0 0 0 0
1777025571.3439 0 0 0 0
1777025571.3645 0 0 0 0
1777025571.3840 0 0 0 0
1777025571.4042 0 0 0 0
1777025571.4247 0 0 0 0
1777025571.4441 0 0 0 0
1777025571.4642 0 0 0 0
1777025571.4839 0 0 0 0
1777025571.5043 0 0 0 0
1777025571.5240 0 0 0 0
1777025571.5448 0 0 0 0
1777025571.5646 0 0 0 0
1777025571.5842 0 0 0 0
1777025571.6043 0 0 0 0
1777025571.6240 0 0 0 0
1777025571.6447 0 0 0 0
1777025571.6644 0 0 0 0
1777025571.6855 0 0 0 0
1777025571.7039 0 0 0 0
1777025571.7242 0 0 0 0
1777025571.7445 0 0 0 0
1777025571.7640 0 0 0 0
1777025571.7847 0 0 0 0
1777025571.8045 0 0 0 0
1777025571.8251 0 0 0 0
1777025571.8440 0 0 0 0
1777025571.8641 0 0 0 0
1777025571.8843 0 0 0 0
1777025571.9048 0 0 0 0
1777025571.9239 0 0 0 0
1777025571.9439 0 0 0 0
1777025571.9641 0 0 0 0
1777025571.9859 0 0 0 0
1777025572.0041 0 0 0 0
1777025572.0274 0 0 0 0
1777025572.0441 0 0 0 0
1777025572.0647 0 0 0 0
1777025572.0845 0 0 0 0
1777025572.1051 0 0 0 0
1777025572.1244 0 0 0 0
1777025572.1445 0 0 0 0
1777025572.1641 0 0 0 0
1777025572.1860 0 0 0 0
1777025572.2040 0 0 0 0
1777025572.2251 0 0 0 0
1777025572.2439 0 0 0 0
1777025572.2642 0 0 0 0
1777025572.2844 0 0 0 0
1777025572.3091 0 0 0 0
1777025572.3248 0 0 0 0
1777025572.3448 0 0 0 0
1777025572.3645 0 0 0 0
1777025572.3843 0 0 0 0
1777025572.4054 0 0 0 0
1777025572.4245 0 0 0 0
1777025572.4476 0 0 0 0
1777025572.4640 0 0 0 0
1777025572.4846 0 0 0 0
1777025572.5040 0 0 0 0
1777025572.5247 0 0 0 0
1777025572.5444 0 0 0 0
1777025572.5639 0 0 0 0
1777025572.5841 0 0 0 0
1777025572.6045 0 0 0 0
1777025572.6252 0 0 0 0
1777025572.6450 0 0 0 0
1777025572.6641 0 0 0 0
1777025572.6846 0 0 0 0
1777025572.7049 0 0 0 0
1777025572.7252 0 0 0 0
1777025572.7447 0 0 0 0
1777025572.7640 0 0 0 0
1777025572.7844 0 0 0 0
1777025572.8044 0 0 0 0
1777025572.8245 0 0 0 0
1777025572.8448 0 0 0 0
1777025572.8642 0 0 0 0
1777025572.8844 0 0 0 0
1777025572.9045 0 0 0 0
1777025572.9261 0 0 0 0
1777025572.9439 0 0 0 0
1777025572.9646 0 0 0 0
1777025572.9844 0 0 0 0
1777025573.0045 0 0 0 0
1777025573.0240 0 0 0 0
1777025573.0442 0 0 0 0
1777025573.0647 0 0 0 0
1777025573.0849 0 0 0 0
1777025573.1040 0 0 0 0
1777025573.1242 0 0 0 0
1777025573.1439 0 0 0 0
1777025573.1641 0 0 0 0
1777025573.1845 0 0 0 0
1777025573.2050 0 0 0 0
1777025573.2248 0 0 0 0
1777025573.2446 0 0 0 0
1777025573.2645 0 0 0 0
1777025573.2859 0 0 0 0
1777025573.3041 0 0 0 0
1777025573.3243 0 0 0 0
1777025573.3444 0 0 0 0
1777025573.3648 0 0 0 0
1777025573.3843 0 0 0 0
1777025573.4039 0 0 0 0
1777025573.4245 0 0 0 0
1777025573.4448 0 0 0 0
1777025573.4645 0 0 0 0
1777025573.4844 0 0 0 0
1777025573.5047 0 0 0 0
1777025573.5244 0 0 0 0
1777025573.5450 0 0 0 0
1777025573.5644 0 0 0 0
1777025573.5841 0 0 0 0
1777025573.6048 0 0 0 0
1777025573.6243 0 0 0 0
1777025573.6448 0 0 0 0
1777025573.6647 0 0 0 0
1777025573.6845 0 0 0 0
1777025573.7039 0 0 0 0
1777025573.7246 0 0 0 0
1777025573.7448 0 0 0 0
1777025573.7646 0 0 0 0
1777025573.7843 0 0 0 0
1777025573.8049 0 0 0 0
1777025573.8248 0 0 0 0
1777025573.8442 0 0 0 0
1777025573.8646 0 0 0 0
1777025573.8841 0 0 0 0
1777025573.9043 0 0 0 0
1777025573.9246 0 0 0 0
1777025573.9449 0 0 0 0
1777025573.9647 0 0 0 0
1777025573.9841 0 0 0 0
1777025574.0045 0 0 0 0
1777025574.0241 0 0 0 0
1777025574.0444 0 0 0 0
1777025574.0647 0 0 0 0
1777025574.0840 0 0 0 0
1777025574.1048 0 0 0 0
1777025574.1244 0 0 0 0
1777025574.1447 0 0 0 0
1777025574.1651 0 0 0 0
1777025574.1844 0 0 0 0
1777025574.2048 0 0 0 0
1777025574.2241 0 0 0 0
1777025574.2448 0 0 0 0
1777025574.2650 0 0 0 0
1777025574.2844 0 0 0 0
1777025574.3049 0 0 0 0
1777025574.3243 0 0 0 0
1777025574.3448 0 0 0 0
1777025574.3645 0 0 0 0
1777025574.3842 0 0 0 0
1777025574.4045 0 0 0 0
1777025574.4251 0 0 0 0
1777025574.4448 0 0 0 0
1777025574.4646 0 0 0 0
1777025574.4848 0 0 0 0
1777025574.5042 0 0 0 0
1777025574.5243 0 0 0 0
1777025574.5450 0 0 0 0
1777025574.5646 0 0 0 0
1777025574.5845 0 0 0 0
1777025574.6049 0 0 0 0
1777025574.6242 0 0 0 0
1777025574.6447 0 0 0 0
1777025574.6642 0 0 0 0
1777025574.6846 0 0 0 0
1777025574.7047 0 0 0 0
1777025574.7244 0 0 0 0
1777025574.7447 0 0 0 0
1777025574.7647 0 0 0 0
1777025574.7843 0 0 0 0
1777025574.8047 0 0 0 0
1777025574.8243 0 0 0 0
1777025574.8446 0 0 0 0
1777025574.8644 0 0 0 0
1777025574.8847 0 0 0 0
1777025574.9050 0 0 0 0
1777025574.9251 0 0 0 0
1777025574.9441 0 0 0 0
1777025574.9647 0 0 0 0
1777025574.9846 0 0 0 0
1777025575.0042 0 0 0 0
1777025575.0244 0 0 0 0
1777025575.0447 0 0 0 0
1777025575.0648 0 0 0 0
1777025575.0845 0 0 0 0
1777025575.1050 0 0 0 0
1777025575.1241 0 0 0 0
1777025575.1445 0 0 0 0
1777025575.1651 0 0 0 0
1777025575.1843 0 0 0 0
1777025575.2051 0 0 0 0
1777025575.2244 0 0 0 0
1777025575.2446 0 0 0 0
1777025575.2644 0 0 0 0
1777025575.2846 0 0 0 0
1777025575.3049 0 0 0 0
1777025575.3245 0 0 0 0
1777025575.3451 0 0 0 0
1777025575.3645 0 0 0 0
1777025575.3861 0 0 0 0
1777025575.4048 0 0 0 0
1777025575.4250 0 0 0 0
1777025575.4452 0 0 0 0
1777025575.4649 0 0 0 0
1777025575.4849 0 0 0 0
1777025575.5053 0 0 0 0
1777025575.5248 0 0 0 0
1777025575.5451 0 0 0 0
1777025575.5643 0 0 0 0
1777025575.5864 0 0 0 0
1777025575.6042 0 0 0 0
1777025575.6245 0 0 0 0
1777025575.6451 0 0 0 0
1777025575.6644 0 0 0 0
1777025575.6846 0 0 0 0
1777025575.7058 0 0 0 0
1777025575.7243 0 0 0 0
1777025575.7451 0 0 0 0
1777025575.7662 0 0 0 0
1777025575.7848 0 0 0 0
1777025575.8044 0 0 0 0
1777025575.8243 0 0 0 0
1777025575.8452 0 0 0 0
1777025575.8653 0 0 0 0
1777025575.8856 0 0 0 0
1777025575.9045 0 0 0 0
1777025575.9259 0 0 0 0
1777025575.9446 0 0 0 0
1777025575.9649 0 0 0 0
1777025575.9851 0 0 0 0
1777025576.0045 0 0 0 0
1777025576.0246 0 0 0 0
1777025576.0453 0 0 0 0
1777025576.0653 0 0 0 0
1777025576.0853 0 0 0 0
1777025576.1043 0 0 0 0
1777025576.1243 0 0 0 0
1777025576.1447 0 0 0 0
1777025576.1657 0 0 0 0
1777025576.1853 0 0 0 0
1777025576.2046 0 0 0 0
1777025576.2248 0 0 0 0
1777025576.2452 0 0 0 0
1777025576.2645 0 0 0 0
1777025576.2854 0 0 0 0
1777025576.3045 0 0 0 0
1777025576.3251 0 0 0 0
1777025576.3452 0 0 0 0
1777025576.3646 0 0 0 0
1777025576.3886 0 0 0 0
1777025576.4043 0 0 0 0
1777025576.4255 0 0 0 0
1777025576.4492 0 0 0 0
1777025576.4651 0 0 0 0
1777025576.4853 0 0 0 0
1777025576.5049 0 0 0 0
1777025576.5245 0 0 0 0
1777025576.5444 0 0 0 0
1777025576.5644 0 0 0 0
1777025576.5847 0 0 0 0
1777025576.6045 0 0 0 0
1777025576.6252 0 0 0 0
1777025576.6449 0 0 0 0
1777025576.6646 0 0 0 0
1777025576.6845 0 0 0 0
1777025576.7045 0 0 0 0
1777025576.7248 0 0 0 0
1777025576.7449 0 0 0 0
1777025576.7651 0 0 0 0
1777025576.7846 0 0 0 0
1777025576.8051 0 0 0 0
1777025576.8250 0 0 0 0
1777025576.8445 0 0 0 0
1777025576.8653 0 0 0 0
1777025576.8847 0 0 0 0
1777025576.9045 0 0 0 0
1777025576.9244 0 0 0 0
1777025576.9449 0 0 0 0
1777025576.9651 0 0 0 0
1777025576.9845 0 0 0 0
1777025577.0050 0 0 0 0
1777025577.0250 0 0 0 0
1777025577.0453 0 0 0 0
1777025577.0645 0 0 0 0
1777025577.0849 0 0 0 0
1777025577.1046 0 0 0 0
1777025577.1252 0 0 0 0
1777025577.1451 0 0 0 0
1777025577.1652 0 0 0 0
1777025577.1848 0 0 0 0
1777025577.2051 0 0 0 0
1777025577.2248 0 0 0 0
1777025577.2448 0 0 0 0
1777025577.2645 0 0 0 0
1777025577.2849 0 0 0 0
1777025577.3048 0 0 0 0
1777025577.3247 0 0 0 0
1777025577.3455 0 0 0 0
1777025577.3645 0 0 0 0
1777025577.3852 0 0 0 0
1777025577.4051 0 0 0 0
1777025577.4251 0 0 0 0
1777025577.4455 0 0 0 0
1777025577.4648 0 0 0 0
1777025577.4848 0 0 0 0
1777025577.5048 0 0 0 0
1777025577.5251 0 0 0 0
1777025577.5445 0 0 0 0
1777025577.5655 0 0 0 0
1777025577.5848 0 0 0 0
1777025577.6049 0 0 0 0
1777025577.6247 0 0 0 0
1777025577.6449 0 0 0 0
1777025577.6648 0 0 0 0
1777025577.6852 0 0 0 0
1777025577.7045 0 0 0 0
1777025577.7250 0 0 0 0
1777025577.7445 0 0 0 0
1777025577.7645 0 0 0 0
1777025577.7852 0 0 0 0
1777025577.8045 0 0 0 0
1777025577.8247 0 0 0 0
1777025577.8451 0 0 0 0
1777025577.8653 0 0 0 0
1777025577.8848 0 0 0 0
1777025577.9051 0 0 0 0
1777025577.9248 0 0 0 0
1777025577.9449 0 0 0 0
1777025577.9646 0 0 0 0
1777025577.9852 0 0 0 0
1777025578.0054 0 0 0 0
1777025578.0246 0 0 0 0
1777025578.0451 0 0 0 0
1777025578.0645 0 0 0 0
1777025578.0849 0 0 0 0
1777025578.1053 0 0 0 0
1777025578.1245 0 0 0 0
1777025578.1448 0 0 0 0
1777025578.1648 0 0 0 0
1777025578.1850 0 0 0 0
1777025578.2045 0 0 0 0
1777025578.2246 0 0 0 0
1777025578.2448 0 0 0 0
1777025578.2653 0 0 0 0
1777025578.2849 0 0 0 0
1777025578.3051 0 0 0 0
1777025578.3248 0 0 0 0
1777025578.3452 0 0 0 0
1777025578.3645 0 0 0 0
1777025578.3848 0 0 0 0
1777025578.4053 0 0 0 0
1777025578.4246 0 0 0 0
1777025578.4453 0 0 0 0
1777025578.4646 0 0 0 0
1777025578.4849 0 0 0 0
1777025578.5052 0 0 0 0
1777025578.5248 0 0 0 0
1777025578.5451 0 0 0 0
1777025578.5647 0 0 0 0
1777025578.5851 0 0 0 0
1777025578.6054 0 0 0 0
1777025578.6248 0 0 0 0
1777025578.6453 0 0 0 0
1777025578.6648 0 0 0 0
1777025578.6855 0 0 0 0
1777025578.7048 0 0 0 0
1777025578.7253 0 0 0 0
1777025578.7456 0 0 0 0
1777025578.7665 0 0 0 0
1777025578.7851 0 0 0 0
1777025578.8055 0 0 0 0
1777025578.8251 0 0 0 0
1777025578.8452 0 0 0 0
1777025578.8655 0 0 0 0
1777025578.8850 0 0 0 0
1777025578.9056 0 0 0 0
1777025578.9252 0 0 0 0
1777025578.9455 0 0 0 0
1777025578.9651 0 0 0 0
1777025578.9848 0 0 0 0
1777025579.0052 0 0 0 0
1777025579.0254 0 0 0 0
1777025579.0449 0 0 0 0
1777025579.0652 0 0 0 0
1777025579.0849 0 0 0 0
1777025579.1054 0 0 0 0
1777025579.1253 0 0 0 0
1777025579.1455 0 0 0 0
1777025579.1653 0 0 0 0
1777025579.1849 0 0 0 0
1777025579.2055 0 0 0 0
1777025579.2247 0 0 0 0
1777025579.2454 0 0 0 0
1777025579.2652 0 0 0 0
1777025579.2849 0 0 0 0
1777025579.3054 0 0 0 0
1777025579.3252 0 0 0 0
1777025579.3448 0 0 0 0
1777025579.3654 0 0 0 0
1777025579.3848 0 0 0 0
1777025579.4047 0 0 0 0
1777025579.4253 0 0 0 0
1777025579.4447 0 0 0 0
1777025579.4647 0 0 0 0
1777025579.4851 0 0 0 0
1777025579.5051 0 0 0 0
1777025579.5248 0 0 0 0
1777025579.5453 0 0 0 0
1777025579.5647 0 0 0 0
1777025579.5848 0 0 0 0
1777025579.6052 0 0 0 0
1777025579.6251 0 0 0 0
1777025579.6457 0 0 0 0
1777025579.6648 0 0 0 0
1777025579.6855 0 0 0 0
1777025579.7048 0 0 0 0
1777025579.7252 0 0 0 0
1777025579.7454 0 0 0 0
1777025579.7652 0 0 0 0
1777025579.7857 0 0 0 0
1777025579.8050 0 0 0 0
1777025579.8248 0 0 0 0
1777025579.8455 0 0 0 0
1777025579.8648 0 0 0 0
1777025579.8857 0 0 0 0
1777025579.9049 0 0 0 0
1777025579.9254 0 0 0 0
1777025579.9457 0 0 0 0
1777025579.9652 0 0 0 0
1777025579.9849 0 0 0 0
1777025580.0054 0 0 0 0
1777025580.0252 0 0 0 0
1777025580.0455 0 0 0 0
1777025580.0649 0 0 0 0
1777025580.0854 0 0 0 0
1777025580.1056 0 0 0 0
1777025580.1250 0 0 0 0
1777025580.1456 0 0 0 0
1777025580.1648 0 0 0 0
1777025580.1849 0 0 0 0
1777025580.2054 0 0 0 0
1777025580.2249 0 0 0 0
1777025580.2453 0 0 0 0
1777025580.2654 0 0 0 0
1777025580.2858 0 0 0 0
1777025580.3052 0 0 0 0
1777025580.3249 0 0 0 0
1777025580.3451 0 0 0 0
1777025580.3650 0 0 0 0
1777025580.3851 0 0 0 0
1777025580.4053 0 0 0 0
1777025580.4251 0 0 0 0
1777025580.4453 0 0 0 0
1777025580.4657 0 0 0 0
1777025580.4851 0 0 0 0
1777025580.5049 0 0 0 0
1777025580.5250 0 0 0 0
1777025580.5454 0 0 0 0
1777025580.5650 0 0 0 0
1777025580.5852 0 0 0 0
1777025580.6056 0 0 0 0
1777025580.6250 0 0 0 0
1777025580.6452 0 0 0 0
1777025580.6650 0 0 0 0
1777025580.6857 0 0 0 0
1777025580.7049 0 0 0 0
1777025580.7252 0 0 0 0
1777025580.7458 0 0 0 0
1777025580.7651 0 0 0 0
1777025580.7857 0 0 0 0
1777025580.8050 0 0 0 0
1777025580.8259 0 0 0 0
1777025580.8456 0 0 0 0
1777025580.8652 0 0 0 0
1777025580.8856 0 0 0 0
1777025580.9050 0 0 0 0
1777025580.9252 0 0 0 0
1777025580.9457 0 0 0 0
1777025580.9658 0 0 0 0
1777025580.9851 0 0 0 0
1777025581.0052 0 0 0 0
1777025581.0251 0 0 0 0
1777025581.0457 0 0 0 0
1777025581.0657 0 0 0 0
1777025581.0855 0 0 0 0
1777025581.1059 0 0 0 0
1777025581.1251 0 0 0 0
1777025581.1456 0 0 0 0
1777025581.1659 0 0 0 0
1777025581.1857 0 0 0 0
1777025581.2060 0 0 0 0
1777025581.2251 0 0 0 0
1777025581.2453 0 0 0 0
1777025581.2652 0 0 0 0
1777025581.2857 0 0 0 0
1777025581.3060 0 0 0 0
1777025581.3254 0 0 0 0
1777025581.3459 0 0 0 0
1777025581.3651 0 0 0 0
1777025581.3857 0 0 0 0
1777025581.4060 0 0 0 0
1777025581.4252 0 0 0 0
1777025581.4456 0 0 0 0
1777025581.4653 0 0 0 0
1777025581.4855 0 0 0 0
1777025581.5051 0 0 0 0
1777025581.5251 0 0 0 0
1777025581.5453 0 0 0 0
1777025581.5654 0 0 0 0
1777025581.5860 0 0 0 0
1777025581.6055 0 0 0 0
1777025581.6252 0 0 0 0
1777025581.6466 0 0 0 0
1777025581.6660 0 0 0 0
1777025581.6866 0 0 0 0
1777025581.7059 0 0 0 0
1777025581.7262 0 0 0 0
1777025581.7464 0 0 0 0
1777025581.7659 0 0 0 0
1777025581.7858 0 0 0 0
1777025581.8061 0 0 0 0
1777025581.8263 0 0 0 0
1777025581.8464 0 0 0 0
1777025581.8658 0 0 0 0
1777025581.8866 0 0 0 0
1777025581.9064 0 0 0 0
1777025581.9267 0 0 0 0
1777025581.9467 0 0 0 0
1777025581.9666 0 0 0 0
1777025581.9867 0 0 0 0
1777025582.0063 0 0 0 0
1777025582.0265 0 0 0 0
1777025582.0467 0 0 0 0
1777025582.0667 0 0 0 0
1777025582.0866 0 0 0 0
1777025582.1062 0 0 0 0
1777025582.1262 0 0 0 0
1777025582.1467 0 0 0 0
1777025582.1667 0 0 0 0
1777025582.1859 0 0 0 0
1777025582.2067 0 0 0 0
1777025582.2268 0 0 0 0
1777025582.2467 0 0 0 0
1777025582.2658 0 0 0 0
1777025582.2861 0 0 0 0
1777025582.3060 0 0 0 0
1777025582.3258 0 0 0 0
1777025582.3460 0 0 0 0
1777025582.3663 0 0 0 0
1777025582.3862 0 0 0 0
1777025582.4064 0 0 0 0
1777025582.4266 0 0 0 0
1777025582.4464 0 0 0 0
1777025582.4666 0 0 0 0
1777025582.4861 0 0 0 0
1777025582.5067 0 0 0 0
1777025582.5267 0 0 0 0
1777025582.5465 0 0 0 0
1777025582.5666 0 0 0 0
1777025582.5863 0 0 0 0
1777025582.6060 0 0 0 0
1777025582.6260 0 0 0 0
1777025582.6468 0 0 0 0
1777025582.6665 0 0 0 0
1777025582.6865 0 0 0 0
1777025582.7063 0 0 0 0
1777025582.7263 0 0 0 0
1777025582.7463 0 0 0 0
1777025582.7658 0 0 0 0
1777025582.7861 0 0 0 0
1777025582.8067 0 0 0 0
1777025582.8268 0 0 0 0
1777025582.8458 0 0 0 0
1777025582.8662 0 0 0 0
1777025582.8858 0 0 0 0
1777025582.9064 0 0 0 0
1777025582.9266 0 0 0 0
1777025582.9464 0 0 0 0
1777025582.9665 0 0 0 0
1777025582.9859 0 0 0 0
1777025583.0063 0 0 0 0
1777025583.0265 0 0 0 0
1777025583.0468 0 0 0 0
1777025583.0664 0 0 0 0
1777025583.0870 0 0 0 0
1777025583.1068 0 0 0 0
1777025583.1263 0 0 0 0
1777025583.1468 0 0 0 0
1777025583.1663 0 0 0 0
1777025583.1861 0 0 0 0
1777025583.2066 0 0 0 0
1777025583.2269 0 0 0 0
1777025583.2463 0 0 0 0
1777025583.2661 0 0 0 0
1777025583.2861 0 0 0 0
1777025583.3065 0 0 0 0
1777025583.3264 0 0 0 0
1777025583.3466 0 0 0 0
1777025583.3666 0 0 0 0
1777025583.3864 0 0 0 0
1777025583.4060 0 0 0 0
1777025583.4268 0 0 0 0
1777025583.4463 0 0 0 0
1777025583.4672 0 0 0 0
1777025583.4863 0 0 0 0
1777025583.5061 0 0 0 0
1777025583.5266 0 0 0 0
1777025583.5463 0 0 0 0
1777025583.5665 0 0 0 0
1777025583.5864 0 0 0 0
1777025583.6069 0 0 0 0
1777025583.6268 0 0 0 0
1777025583.6462 0 0 0 0
1777025583.6667 0 0 0 0
1777025583.6864 0 0 0 0
1777025583.7062 0 0 0 0
1777025583.7265 0 0 0 0
1777025583.7461 0 0 0 0
1777025583.7668 0 0 0 0
1777025583.7865 0 0 0 0
1777025583.8063 0 0 0 0
1777025583.8261 0 0 0 0
1777025583.8470 0 0 0 0
1777025583.8665 0 0 0 0
1777025583.8870 0 0 0 0
1777025583.9068 0 0 0 0
1777025583.9265 0 0 0 0
1777025583.9461 0 0 0 0
1777025583.9669 0 0 0 0
1777025583.9862 0 0 0 0
1777025584.0066 0 0 0 0
1777025584.0264 0 0 0 0
1777025584.0464 0 0 0 0
1777025584.0670 0 0 0 0
1777025584.0871 0 0 0 0
1777025584.1067 0 0 0 0
1777025584.1261 0 0 0 0
1777025584.1469 0 0 0 0
1777025584.1664 0 0 0 0
1777025584.1870 0 0 0 0
1777025584.2065 0 0 0 0
1777025584.2265 0 0 0 0
1777025584.2469 0 0 0 0
1777025584.2671 0 0 0 0
1777025584.2864 0 0 0 0
1777025584.3069 0 0 0 0
1777025584.3267 0 0 0 0
1777025584.3463 0 0 0 0
1777025584.3670 0 0 0 0
1777025584.3872 0 0 0 0
1777025584.4067 0 0 0 0
1777025584.4270 0 0 0 0
1777025584.4471 0 0 0 0
1777025584.4663 0 0 0 0
1777025584.4862 0 0 0 0
1777025584.5070 0 0 0 0
1777025584.5269 0 0 0 0
1777025584.5471 0 0 0 0
1777025584.5670 0 0 0 0
1777025584.5863 0 0 0 0
1777025584.6070 0 0 0 0
1777025584.6263 0 0 0 0
1777025584.6461 0 0 0 0
1777025584.6665 0 0 0 0
1777025584.6864 0 0 0 0
1777025584.7065 0 0 0 0
1777025584.7263 0 0 0 0
1777025584.7463 0 0 0 0
1777025584.7665 0 0 0 0
1777025584.7866 0 0 0 0
1777025584.8066 0 0 0 0
1777025584.8264 0 0 0 0
1777025584.8470 0 0 0 0
1777025584.8672 0 0 0 0
1777025584.8870 0 0 0 0
1777025584.9071 0 0 0 0
1777025584.9270 0 0 0 0
1777025584.9467 0 0 0 0
1777025584.9663 0 0 0 0
1777025584.9866 0 0 0 0
1777025585.0065 0 0 0 0
1777025585.0267 0 0 0 0
1777025585.0466 0 0 0 0
1777025585.0668 0 0 0 0
1777025585.0867 0 0 0 0
1777025585.1067 0 0 0 0
1777025585.1267 0 0 0 0
1777025585.1463 0 0 0 0
1777025585.1663 0 0 0 0
1777025585.1863 0 0 0 0
1777025585.2069 0 0 0 0
1777025585.2266 0 0 0 0
1777025585.2461 0 0 0 0
1777025585.2667 0 0 0 0
1777025585.2871 0 0 0 0
1777025585.3063 0 0 0 0
1777025585.3267 0 0 0 0
1777025585.3462 0 0 0 0
1777025585.3667 0 0 0 0
1777025585.3862 0 0 0 0
1777025585.4067 0 0 0 0
1777025585.4272 0 0 0 0
1777025585.4463 0 0 0 0
1777025585.4673 0 0 0 0
1777025585.4866 0 0 0 0
1777025585.5063 0 0 0 0
1777025585.5271 0 0 0 0
1777025585.5464 0 0 0 0
1777025585.5664 0 0 0 0
1777025585.5867 0 0 0 0
1777025585.6065 0 0 0 0
1777025585.6273 0 0 0 0
1777025585.6471 0 0 0 0
1777025585.6665 0 0 0 0
1777025585.6865 0 0 0 0
1777025585.7066 0 0 0 0
1777025585.7268 0 0 0 0
1777025585.7463 0 0 0 0
1777025585.7667 0 0 0 0
1777025585.7868 0 0 0 0
1777025585.8063 0 0 0 0
1777025585.8264 0 0 0 0
1777025585.8471 0 0 0 0
1777025585.8669 0 0 0 0
1777025585.8869 0 0 0 0
1777025585.9068 0 0 0 0
1777025585.9268 0 0 0 0
1777025585.9467 0 0 0 0
1777025585.9673 0 0 0 0
1777025585.9867 0 0 0 0
1777025586.0063 0 0 0 0
1777025586.0271 0 0 0 0
1777025586.0463 0 0 0 0
1777025586.0673 0 0 0 0
1777025586.0870 0 0 0 0
1777025586.1074 0 0 0 0
1777025586.1270 0 0 0 0
1777025586.1467 0 0 0 0
1777025586.1664 0 0 0 0
1777025586.1871 0 0 0 0
1777025586.2067 0 0 0 0
1777025586.2267 0 0 0 0
1777025586.2473 0 0 0 0
1777025586.2672 0 0 0 0
1777025586.2867 0 0 0 0
1777025586.3070 0 0 0 0
1777025586.3270 0 0 0 0
1777025586.3471 0 0 0 0
1777025586.3665 0 0 0 0
1777025586.3865 0 0 0 0
1777025586.4071 0 0 0 0
1777025586.4270 0 0 0 0
1777025586.4469 0 0 0 0
1777025586.4673 0 0 0 0
1777025586.4867 0 0 0 0
1777025586.5073 0 0 0 0
1777025586.5266 0 0 0 0
1777025586.5473 0 0 0 0
1777025586.5670 0 0 0 0
1777025586.5866 0 0 0 0
1777025586.6065 0 0 0 0
1777025586.6273 0 0 0 0
1777025586.6470 0 0 0 0
1777025586.6677 0 0 0 0
1777025586.6873 0 0 0 0
1777025586.7070 0 0 0 0
1777025586.7268 0 0 0 0
1777025586.7466 0 0 0 0
1777025586.7673 0 0 0 0
1777025586.7870 0 0 0 0
1777025586.8066 0 0 0 0
1777025586.8271 0 0 0 0
1777025586.8466 0 0 0 0
1777025586.8666 0 0 0 0
1777025586.8871 0 0 0 0
1777025586.9067 0 0 0 0
1777025586.9272 0 0 0 0
1777025586.9465 0 0 0 0
1777025586.9677 0 0 0 0
1777025586.9867 0 0 0 0
1777025587.0070 0 0 0 0
1777025587.0269 0 0 0 0
1777025587.0474 0 0 0 0
1777025587.0668 0 0 0 0
1777025587.0875 0 0 0 0
1777025587.1072 0 0 0 0
1777025587.1267 0 0 0 0
1777025587.1472 0 0 0 0
1777025587.1674 0 0 0 0
1777025587.1865 0 0 0 0
1777025587.2072 0 0 0 0
1777025587.2273 0 0 0 0
1777025587.2475 0 0 0 0
1777025587.2671 0 0 0 0
1777025587.2872 0 0 0 0
1777025587.3073 0 0 0 0
1777025587.3269 0 0 0 0
1777025587.3475 0 0 0 0
1777025587.3666 0 0 0 0
1777025587.3867 0 0 0 0
1777025587.4071 0 0 0 0
1777025587.4266 0 0 0 0
1777025587.4473 0 0 0 0
1777025587.4676 0 0 0 0
1777025587.4870 0 0 0 0
1777025587.5067 0 0 0 0
1777025587.5270 0 0 0 0
1777025587.5472 0 0 0 0
1777025587.5674 0 0 0 0
1777025587.5872 0 0 0 0
1777025587.6076 0 0 0 0
1777025587.6274 0 0 0 0
1777025587.6473 0 0 0 0
1777025587.6675 0 0 0 0
1777025587.6867 0 0 0 0
1777025587.7073 0 0 0 0
1777025587.7268 0 0 0 0
1777025587.7474 0 0 0 0
1777025587.7673 0 0 0 0
1777025587.7873 0 0 0 0
1777025587.8071 0 0 0 0
1777025587.8273 0 0 0 0
1777025587.8475 0 0 0 0
1777025587.8669 0 0 0 0
1777025587.8868 0 0 0 0
1777025587.9071 0 0 0 0
1777025587.9266 0 0 0 0
1777025587.9476 0 0 0 0
1777025587.9667 0 0 0 0
1777025587.9869 0 0 0 0
1777025588.0077 0 0 0 0
1777025588.0275 0 0 0 0
1777025588.0471 0 0 0 0
1777025588.0676 0 0 0 0
1777025588.0867 0 0 0 0
1777025588.1066 0 0 0 0
1777025588.1273 0 0 0 0
1777025588.1476 0 0 0 0
1777025588.1671 0 0 0 0
1777025588.1868 0 0 0 0
1777025588.2071 0 0 0 0
1777025588.2275 0 0 0 0
1777025588.2476 0 0 0 0
1777025588.2673 0 0 0 0
1777025588.2870 0 0 0 0
1777025588.3067 0 0 0 0
1777025588.3274 0 0 0 0
1777025588.3468 0 0 0 0
1777025588.3674 0 0 0 0
1777025588.3874 0 0 0 0
1777025588.4091 0 0 0 0
1777025588.4273 0 0 0 0
1777025588.4467 0 0 0 0
1777025588.4674 0 0 0 0
1777025588.4876 0 0 0 0
1777025588.5074 0 0 0 0
1777025588.5268 0 0 0 0
1777025588.5476 0 0 0 0
1777025588.5667 0 0 0 0
1777025588.5872 0 0 0 0
1777025588.6070 0 0 0 0
1777025588.6275 0 0 0 0
1777025588.6474 0 0 0 0
1777025588.6678 0 0 0 0
1777025588.6870 0 0 0 0
1777025588.7067 0 0 0 0
1777025588.7268 0 0 0 0
1777025588.7475 0 0 0 0
1777025588.7671 0 0 0 0
1777025588.7874 0 0 0 0
1777025588.8075 0 0 0 0
1777025588.8270 0 0 0 0
1777025588.8478 0 0 0 0
1777025588.8671 0 0 0 0
1777025588.8871 0 0 0 0
1777025588.9074 0 0 0 0
1777025588.9277 0 0 0 0
1777025588.9476 0 0 0 0
1777025588.9670 0 0 0 0
1777025588.9874 0 0 0 0
1777025589.0068 0 0 0 0
1777025589.0269 0 0 0 0
1777025589.0477 0 0 0 0
1777025589.0684 0 0 0 0
1777025589.0872 0 0 0 0
1777025589.1076 0 0 0 0
1777025589.1268 0 0 0 0
1777025589.1478 0 0 0 0
1777025589.1669 0 0 0 0
1777025589.1873 0 0 0 0
1777025589.2077 0 0 0 0
1777025589.2271 0 0 0 0
1777025589.2476 0 0 0 0
1777025589.2672 0 0 0 0
1777025589.2869 0 0 0 0
1777025589.3078 0 0 0 0
1777025589.3272 0 0 0 0
1777025589.3476 0 0 0 0
1777025589.3670 0 0 0 0
1777025589.3870 0 0 0 0
1777025589.4078 0 0 0 0
1777025589.4271 0 0 0 0
1777025589.4478 0 0 0 0
1777025589.4671 0 0 0 0
1777025589.4870 0 0 0 0
1777025589.5075 0 0 0 0
1777025589.5279 0 0 0 0
1777025589.5477 0 0 0 0
1777025589.5673 0 0 0 0
1777025589.5873 0 0 0 0
1777025589.6077 0 0 0 0
1777025589.6272 0 0 0 0
1777025589.6475 0 0 0 0
1777025589.6679 0 0 0 0
1777025589.6877 0 0 0 0
1777025589.7072 0 0 0 0
1777025589.7279 0 0 0 0
1777025589.7480 0 0 0 0
1777025589.7671 0 0 0 0
1777025589.7891 0 0 0 0
1777025589.8078 0 0 0 0
1777025589.8278 0 0 0 0
1777025589.8470 0 0 0 0
1777025589.8674 0 0 0 0
1777025589.8880 0 0 0 0
1777025589.9080 0 0 0 0
1777025589.9281 0 0 0 0
1777025589.9481 0 0 0 0
1777025589.9674 0 0 0 0
1777025589.9871 0 0 0 0
1777025590.0078 0 0 0 0
1777025590.0282 0 0 0 0
1777025590.0479 0 0 0 0
1777025590.0674 0 0 0 0
1777025590.0874 0 0 0 0
1777025590.1080 0 0 0 0
1777025590.1280 0 0 0 0
1777025590.1473 0 0 0 0
1777025590.1679 0 0 0 0
1777025590.1882 0 0 0 0
1777025590.2072 0 0 0 0
1777025590.2274 0 0 0 0
1777025590.2475 0 0 0 0
1777025590.2694 0 0 0 0
1777025590.2876 0 0 0 0
1777025590.3077 0 0 0 0
1777025590.3279 0 0 0 0
1777025590.3479 0 0 0 0
