% Gyro logfile (IMU1)
% 1 	Time (sec)
% 2-4 	Gyro (x,y,z)
% Gyro offset 0 0 0
1777025564.7551 -0.0305 -2.0142 0.9460
1777025564.7668 0.0305 -2.1973 0.9155
1777025564.7782 0.1831 -2.2888 0.9766
1777025564.7908 0.3357 -2.3499 0.9460
1777025564.8021 0.0305 -2.2278 0.9460
1777025564.8145 0.0916 -2.3193 0.7629
1777025564.8260 0.0610 -2.1362 0.7019
1777025564.8382 -0.0916 -2.5635 0.9460
1777025564.8501 0.0305 -2.1667 0.8545
1777025564.8626 0.0916 -2.4719 0.6714
1777025564.8741 0.1831 -2.3804 0.9460
1777025564.8871 -0.0916 -2.2583 0.7629
1777025564.8984 0.1221 -2.3499 0.8545
1777025564.9108 -0.0916 -2.1973 1.0071
1777025564.9230 -0.0610 -2.5635 0.9766
1777025564.9342 0.2136 -2.2583 0.8545
1777025564.9467 0.0916 -2.2583 0.8240
1777025564.9581 0.1221 -2.1667 0.7935
1777025564.9706 -0.0610 -2.5330 0.9155
1777025564.9829 0.1221 -2.1362 0.8545
1777025564.9946 -0.1221 -1.9836 0.7629
1777025565.0060 -0.1221 -2.4719 0.9155
1777025565.0190 -0.1526 -2.2888 0.5798
1777025565.0307 -0.2136 -2.2888 0.8240
1777025565.0422 0.2136 -2.3804 1.1292
1777025565.0552 0.0610 -2.1057 0.6714
1777025565.0662 0.0916 -2.0447 0.8850
1777025565.0781 0.2441 -2.3804 0.8545
1777025565.0910 0.0000 -2.1667 0.7324
1777025565.1023 0.0000 -2.1973 0.8240
1777025565.1147 0.0305 -2.1667 0.8545
1777025565.1266 0.0000 -2.1667 0.7019
1777025565.1389 0.0916 -2.3499 1.0986
1777025565.1503 -0.2747 -2.2278 0.6714
1777025565.1625 0.0305 -2.2278 0.6409
1777025565.1749 -0.0305 -2.5330 0.8850
1777025565.1865 -0.0916 -2.2583 0.6714
1777025565.1989 0.2441 -2.2583 0.8850
1777025565.2104 -0.2747 -2.1667 0.8850
1777025565.2224 -0.1526 -2.3193 0.7019
1777025565.2348 0.0916 -2.4414 0.8240
1777025565.2462 -0.0305 -2.4414 0.7629
1777025565.2592 0.1221 -2.2583 0.9766
1777025565.2706 0.0305 -1.9531 0.8545
1777025565.2829 0.0916 -2.4719 0.8240
1777025565.2949 0.0610 -2.2888 0.9460
1777025565.3063 -0.0916 -2.2278 0.6714
1777025565.3189 0.1221 -2.2583 0.7019
1777025565.3304 0.0916 -2.3193 0.8545
1777025565.3427 0.0305 -2.1667 0.5493
1777025565.3550 -0.0610 -2.2583 0.9155
1777025565.3663 -0.1221 -2.2278 0.7935
1777025565.3787 0.1221 -2.3193 0.8850
1777025565.3905 0.1221 -2.4109 0.6104
1777025565.4022 0.0916 -2.2583 0.6714
1777025565.4145 0.1831 -2.1667 0.7019
1777025565.4272 -0.1831 -2.3499 0.6714
1777025565.4383 0.1221 -2.2888 1.0681
1777025565.4511 0.0305 -2.2888 0.6714
1777025565.4627 -0.0305 -2.3193 0.6104
1777025565.4752 -0.1526 -2.1973 0.9460
1777025565.4870 -0.0610 -2.1057 0.6409
1777025565.4984 0.0916 -2.1362 0.7324
1777025565.5107 0.1526 -2.1362 0.7935
1777025565.5225 -0.0305 -2.1667 0.9155
1777025565.5349 0.1526 -2.3499 0.7629
1777025565.5464 0.0916 -2.3193 0.8545
1777025565.5583 0.3052 -2.1973 0.8545
1777025565.5708 -0.0610 -2.3499 0.7324
1777025565.5822 0.3052 -2.3804 0.6714
1777025565.5949 0.0610 -2.3193 0.7935
1777025565.6063 -0.0305 -2.3804 0.8240
1777025565.6190 0.0305 -2.1667 0.9460
1777025565.6303 -0.0305 -2.1362 0.8850
1777025565.6427 -0.0305 -2.4414 0.9155
1777025565.6552 0.1831 -2.2278 0.8545
1777025565.6668 -0.1526 -2.2583 0.9766
1777025565.6790 0.0305 -2.3499 0.5798
1777025565.6903 0.0610 -2.2278 0.7629
1777025565.7027 0.0916 -2.3193 0.8545
1777025565.7151 0.0305 -2.4414 0.5493
1777025565.7270 0.0610 -2.2583 0.7324
1777025565.7383 0.1831 -2.3804 0.8850
1777025565.7507 -0.0916 -2.4109 0.9460
1777025565.7624 -0.0916 -2.5635 0.9155
1777025565.7752 0.0000 -2.2888 0.8850
1777025565.7873 0.0000 -2.3804 0.8240
1777025565.7986 0.1526 -2.1362 0.9766
1777025565.8109 0.0000 -2.3499 0.8545
1777025565.8224 0.0000 -2.4109 0.8545
1777025565.8348 0.0916 -2.2583 0.8240
1777025565.8463 0.0916 -2.3499 0.8850
1777025565.8588 0.1526 -2.1973 0.7935
1777025565.8707 0.2136 -2.3193 0.7629
1777025565.8829 -0.0916 -2.3499 0.7019
1777025565.8944 -0.0610 -2.1973 1.0681
1777025565.9070 0.1221 -2.2278 1.0071
1777025565.9192 0.1526 -2.1667 0.6104
1777025565.9313 0.2441 -2.1362 0.7935
1777025565.9423 -0.0916 -2.5330 0.9460
1777025565.9552 -0.0610 -2.3193 0.7935
1777025565.9664 0.0916 -2.2888 0.5493
1777025565.9783 -0.0610 -2.3193 0.7324
1777025565.9907 0.1526 -2.2583 0.8850
1777025566.0030 0.0610 -2.3499 0.8545
1777025566.0151 0.1526 -2.2583 0.8240
1777025566.0265 0.2441 -2.1973 0.9766
1777025566.0390 -0.0305 -2.2583 0.8240
1777025566.0504 0.2441 -2.3499 0.8850
1777025566.0628 0.1831 -2.3804 0.8240
1777025566.0752 -0.0305 -2.4109 0.7629
1777025566.0867 0.1831 -2.0752 0.8240
1777025566.0987 0.0000 -2.1667 0.8850
1777025566.1109 0.0000 -2.1362 0.8240
1777025566.1228 0.0000 -2.4109 1.0376
1777025566.1347 0.0305 -2.1362 0.6714
1777025566.1473 -0.2441 -2.2888 0.9155
1777025566.1589 0.0916 -2.4109 0.6714
1777025566.1708 0.2136 -2.2583 0.7935
1777025566.1827 -0.0305 -2.2888 0.7629
1777025566.1952 0.0000 -2.2278 0.6409
1777025566.2072 0.0305 -2.2888 0.9766
1777025566.2191 0.0916 -2.2583 0.7935
1777025566.2310 0.3967 -2.2888 0.7324
1777025566.2429 0.0305 -2.2278 1.0071
1777025566.2550 -0.1526 -2.3804 0.7629
1777025566.2666 0.0000 -1.9836 1.0071
1777025566.2784 -0.0610 -2.1973 0.9155
1777025566.2907 0.0305 -2.2278 0.7629
1777025566.3028 0.0916 -2.4414 1.0071
1777025566.3149 0.0305 -2.1973 0.7935
1777025566.3269 0.0610 -2.5024 0.7019
1777025566.3388 0.1221 -2.2888 0.8850
1777025566.3504 -0.0610 -2.1973 0.7935
1777025566.3625 0.3357 -2.2583 0.7324
1777025566.3744 0.1831 -2.2583 0.9460
1777025566.3874 0.0610 -2.1973 0.9155
1777025566.3985 0.0916 -2.2278 0.7019
1777025566.4104 0.2441 -2.1362 1.0071
1777025566.4229 -0.1831 -2.3804 0.6409
1777025566.4344 -0.0610 -2.3193 0.7935
1777025566.4473 0.2136 -2.3804 0.8240
1777025566.4589 0.0610 -2.4414 0.7019
1777025566.4707 -0.0916 -2.1057 0.7324
1777025566.4832 0.0916 -2.1362 0.7629
1777025566.4954 0.0305 -2.2888 0.7935
1777025566.5067 0.0916 -2.2583 0.8545
1777025566.5186 0.0610 -2.3804 1.1292
1777025566.5304 -0.2136 -2.3193 0.7935
1777025566.5426 0.0916 -2.1973 0.6409
1777025566.5551 -0.1831 -2.1057 0.6104
1777025566.5671 0.1526 -2.2888 0.6409
1777025566.5793 -0.0916 -2.2583 0.7935
1777025566.5909 0.0305 -2.2583 0.6714
1777025566.6032 0.0610 -2.4109 0.8240
1777025566.6150 -0.1831 -2.3193 0.6714
1777025566.6266 0.1526 -2.5940 0.9155
1777025566.6385 0.0916 -2.0142 0.7629
1777025566.6507 -0.0305 -2.2583 0.6714
1777025566.6625 0.0916 -2.3804 0.9766
1777025566.6754 0.0305 -2.2888 0.5798
1777025566.6870 -0.0610 -2.2278 0.6714
1777025566.6985 0.0610 -2.0752 0.8545
1777025566.7105 -0.1526 -2.3804 0.8545
1777025566.7233 -0.0610 -2.3804 0.9155
1777025566.7351 0.0916 -2.3499 0.8545
1777025566.7465 0.0305 -2.2278 0.7019
1777025566.7586 0.0610 -2.2278 0.6409
1777025566.7711 -0.2441 -2.3499 0.8850
1777025566.7833 -0.0610 -2.2888 0.7935
1777025566.7955 -0.1221 -2.1362 0.7019
1777025566.8071 0.1831 -2.3804 0.7935
1777025566.8187 0.2747 -2.6550 0.7019
1777025566.8307 -0.0610 -2.3804 0.8850
1777025566.8425 0.1831 -2.3804 0.7324
1777025566.8555 0.3967 -2.2888 0.6714
1777025566.8668 -0.0916 -2.5024 1.0071
1777025566.8792 0.1221 -2.1973 0.9460
1777025566.8905 -0.1526 -2.3804 0.8850
1777025566.9057 0.0916 -2.1362 0.9460
1777025566.9148 0.0916 -2.5330 1.0376
1777025566.9294 0.0610 -2.4109 0.9155
1777025566.9386 0.0305 -2.0142 0.7935
1777025566.9511 0.2136 -2.2278 1.1597
1777025566.9632 -0.0305 -2.4414 0.6409
1777025566.9748 0.1526 -2.0447 0.8545
1777025566.9877 0.2136 -2.3193 0.8240
1777025566.9992 -0.0610 -2.5024 0.8545
1777025567.0105 -0.0305 -2.3804 0.9460
1777025567.0228 0.0610 -2.0752 0.7935
1777025567.0353 0.2136 -2.2888 0.7019
1777025567.0469 0.0610 -2.3804 0.9155
1777025567.0584 0.0610 -2.3499 0.7324
1777025567.0714 -0.0916 -2.2583 0.8850
1777025567.0831 0.1526 -2.4719 0.7324
1777025567.0954 0.0610 -2.2278 0.7935
1777025567.1072 0.0000 -2.2583 0.8240
1777025567.1204 0.1221 -2.2278 0.9460
1777025567.1311 0.0000 -2.3499 0.7629
1777025567.1425 0.0305 -2.3193 0.8850
1777025567.1552 0.1221 -2.4414 0.7629
1777025567.1665 0.1831 -2.2888 0.8240
1777025567.1792 0.0000 -2.1362 0.7324
1777025567.1915 0.0000 -2.1667 0.8545
1777025567.2030 0.0916 -2.1667 0.9460
1777025567.2145 0.1221 -2.1667 0.9155
1777025567.2276 0.0000 -2.2583 0.9766
1777025567.2389 -0.1831 -2.3193 0.7019
1777025567.2513 0.0610 -2.1362 0.7935
1777025567.2631 -0.0610 -2.2583 0.7629
1777025567.2746 0.1526 -2.3193 0.6104
1777025567.2871 0.0610 -2.2583 0.7324
1777025567.2986 0.0000 -2.2888 0.7019
1777025567.3111 0.0916 -2.3499 0.6714
1777025567.3227 -0.1221 -2.4719 0.6409
1777025567.3353 0.0916 -2.3499 0.6714
1777025567.3467 -0.2136 -2.1973 0.9155
1777025567.3587 0.0916 -2.5635 0.5493
1777025567.3711 0.0000 -2.3499 0.9155
1777025567.3834 -0.1221 -2.2583 0.8240
1777025567.3950 0.0305 -2.1667 0.8545
1777025567.4074 -0.0305 -2.3804 0.7019
1777025567.4195 0.0916 -2.2888 0.7935
1777025567.4308 -0.0305 -2.3499 0.9155
1777025567.4432 0.0305 -2.4414 0.5798
1777025567.4553 -0.0916 -2.3499 0.9155
1777025567.4669 0.1221 -2.0752 0.8850
1777025567.4793 0.0305 -2.2278 1.0071
1777025567.4908 0.1831 -2.3804 0.8850
1777025567.5031 0.1526 -2.3193 0.5798
1777025567.5147 -0.0305 -2.1362 0.8545
1777025567.5272 0.1526 -2.1057 0.8545
1777025567.5388 0.1526 -2.1057 0.5188
1777025567.5515 0.2747 -2.3499 0.9155
1777025567.5628 0.2747 -2.3804 0.9155
1777025567.5759 0.1221 -2.3193 0.9155
1777025567.5871 0.0610 -2.4719 0.7019
1777025567.5989 -0.1526 -2.2278 0.7935
1777025567.6115 -0.0916 -2.1057 0.7324
1777025567.6228 0.2747 -2.3804 0.8545
1777025567.6354 0.1831 -2.1667 0.9155
1777025567.6468 -0.1526 -2.3499 0.7324
1777025567.6590 0.1526 -2.2888 0.6714
1777025567.6715 0.2441 -2.4414 0.7324
1777025567.6827 -0.0610 -2.5635 1.1597
1777025567.6952 0.0000 -2.3499 0.5493
1777025567.7067 -0.0610 -2.4109 0.6104
1777025567.7189 0.1221 -2.1057 0.7324
1777025567.7307 0.0916 -2.2888 0.6714
1777025567.7433 0.0916 -2.3499 0.8545
1777025567.7549 0.0610 -2.3193 0.5493
1777025567.7676 0.0000 -2.2278 0.8240
1777025567.7791 0.1221 -2.2278 0.6714
1777025567.7917 0.1526 -2.4414 0.8240
1777025567.8033 0.0000 -2.3193 0.7935
1777025567.8157 0.1526 -2.2888 0.6409
1777025567.8266 0.1221 -2.1362 0.8240
1777025567.8389 0.0916 -2.1057 0.7324
1777025567.8514 0.2747 -2.1973 0.7324
1777025567.8626 0.0610 -2.1057 0.8545
1777025567.8751 0.1831 -2.4414 0.7629
1777025567.8876 0.0305 -2.1667 1.0681
1777025567.8991 0.0916 -2.4719 0.9155
1777025567.9115 0.0000 -2.1667 0.9766
1777025567.9229 0.0305 -2.4109 0.9766
1777025567.9354 0.0000 -2.2278 0.8545
1777025567.9468 0.2747 -2.2888 0.7935
1777025567.9596 0.0916 -2.2888 0.7019
1777025567.9712 0.3357 -2.1973 0.6714
1777025567.9835 -0.2136 -2.4414 0.7935
1777025567.9953 0.0916 -2.0752 0.6409
1777025568.0076 0.0610 -2.1667 0.8545
1777025568.0193 0.1221 -2.2583 0.9155
1777025568.0308 0.0000 -2.1667 0.7935
1777025568.0432 0.0916 -2.2888 0.7019
1777025568.0549 0.0000 -2.0447 0.7629
1777025568.0674 0.1221 -2.1362 0.7629
1777025568.0787 0.0305 -2.2888 0.6409
1777025568.0908 0.0305 -2.3193 0.8240
1777025568.1030 -0.0305 -2.2888 0.7019
1777025568.1156 0.0000 -2.2583 0.3967
1777025568.1276 0.2136 -2.3193 0.7935
1777025568.1390 0.1221 -2.1973 0.7935
1777025568.1510 0.2136 -2.2583 0.9155
1777025568.1635 0.1526 -2.2278 0.8240
1777025568.1750 0.2747 -2.2888 1.1597
1777025568.1876 0.0305 -2.1973 0.9766
1777025568.1989 0.0305 -2.4719 0.8545
1777025568.2116 -0.0305 -2.2583 0.6409
1777025568.2236 -0.0305 -2.2583 0.6714
1777025568.2350 0.1526 -2.4414 0.7019
1777025568.2474 -0.0610 -2.4109 0.7019
1777025568.2590 0.0610 -2.2583 0.9155
1777025568.2715 0.0305 -2.1057 0.8545
1777025568.2828 0.1526 -2.1973 0.9460
1777025568.2954 -0.0305 -2.3193 0.7324
1777025568.3070 0.1526 -2.1362 0.7629
1777025568.3193 0.2747 -2.1667 0.7019
1777025568.3318 0.2747 -2.1973 0.6409
1777025568.3430 -0.0610 -2.3499 0.8545
1777025568.3555 0.0916 -2.1362 0.8240
1777025568.3669 0.0000 -2.2888 0.6714
1777025568.3792 0.1831 -2.1667 1.1597
1777025568.3908 0.2747 -2.4109 0.9766
1777025568.4031 0.0305 -2.0752 0.8240
1777025568.4157 0.0916 -2.1973 0.5798
1777025568.4273 0.1526 -2.1362 0.9460
1777025568.4395 0.2136 -2.2583 0.7324
1777025568.4516 -0.0916 -2.5330 0.7935
1777025568.4628 -0.0916 -2.4109 0.9155
1777025568.4753 0.0610 -2.3499 0.8240
1777025568.4876 0.0916 -2.3193 0.9460
1777025568.4992 -0.0305 -2.4109 0.8545
1777025568.5117 -0.0610 -2.2888 1.0681
1777025568.5230 0.0916 -2.2888 0.8545
1777025568.5353 -0.0916 -2.3804 0.8850
1777025568.5468 0.0000 -2.4414 0.9155
1777025568.5594 0.0000 -2.1973 0.9155
1777025568.5718 0.0610 -2.2888 1.0071
1777025568.5833 0.1221 -2.3804 0.6104
1777025568.5954 0.3357 -2.1667 0.9460
1777025568.6078 0.1221 -2.3804 0.8240
1777025568.6192 0.0000 -2.4414 0.8850
1777025568.6318 -0.1221 -2.0752 0.8240
1777025568.6432 0.0000 -2.3193 0.6104
1777025568.6550 0.0305 -2.4414 0.8850
1777025568.6674 0.1526 -2.3499 0.7935
1777025568.6796 0.1221 -2.3193 0.8850
1777025568.6917 0.0000 -2.2583 0.7324
1777025568.7029 -0.0610 -2.1057 0.6714
1777025568.7153 -0.0305 -2.3193 0.7629
1777025568.7279 -0.0916 -2.4109 0.9766
1777025568.7392 0.0610 -2.2888 0.7324
1777025568.7517 0.0305 -2.2278 0.8240
1777025568.7632 0.0305 -2.2583 0.7324
1777025568.7751 -0.1526 -2.2278 0.7019
1777025568.7875 -0.1831 -2.1973 0.9155
1777025568.7999 -0.0916 -2.3804 0.5798
1777025568.8113 0.0916 -2.1667 0.7629
1777025568.8238 0.2747 -2.2888 0.8850
1777025568.8353 -0.2136 -2.2888 1.0376
1777025568.8477 -0.0305 -2.4719 0.7019
1777025568.8595 -0.0610 -2.2583 0.6409
1777025568.8713 -0.0916 -2.1667 0.8545
1777025568.8837 0.0916 -2.4109 0.7935
1777025568.8951 0.0916 -2.2888 0.7324
1777025568.9076 -0.0305 -2.2583 0.7019
1777025568.9200 -0.0305 -2.3499 0.8545
1777025568.9310 0.0305 -2.1667 0.8850
1777025568.9433 -0.0305 -2.2278 0.8545
1777025568.9549 0.0305 -2.0752 0.7935
1777025568.9674 -0.0305 -2.3193 0.9155
1777025568.9796 0.0305 -2.3499 0.7935
1777025568.9916 -0.0610 -2.1973 1.0376
1777025569.0034 0.0916 -2.2888 0.7629
1777025569.0156 -0.1221 -2.1973 0.6409
1777025569.0273 0.0000 -2.2888 0.9460
1777025569.0395 0.0610 -2.3804 1.0681
1777025569.0517 0.2441 -2.2888 1.0071
1777025569.0639 0.1221 -2.1057 0.8850
1777025569.0752 0.1526 -2.1973 0.9460
1777025569.0877 0.1526 -2.3804 0.9155
1777025569.0991 0.2747 -2.1973 0.7324
1777025569.1114 0.1526 -2.0752 0.7324
1777025569.1239 -0.0305 -2.2583 0.7935
1777025569.1352 -0.0305 -2.2278 0.7629
1777025569.1479 0.0305 -2.1667 0.7324
1777025569.1594 0.0916 -1.9836 1.0681
1777025569.1709 0.0000 -2.1362 0.6714
1777025569.1832 0.1831 -2.2888 0.9460
1777025569.1950 0.0610 -2.4719 0.7629
1777025569.2075 -0.2136 -2.1973 0.8545
1777025569.2200 0.0916 -2.1973 0.7935
1777025569.2314 0.0610 -2.1057 0.7629
1777025569.2437 0.2136 -2.2888 0.8240
1777025569.2550 0.3357 -2.2278 0.8240
1777025569.2678 0.0916 -2.0447 0.7629
1777025569.2790 -0.0305 -2.1667 0.8850
1777025569.2910 0.1221 -2.3499 0.9766
1777025569.3033 0.0610 -2.2583 0.7935
1777025569.3156 0.1526 -2.2278 0.8850
1777025569.3273 -0.0305 -2.4414 0.7935
1777025569.3397 0.1221 -2.1057 0.7629
1777025569.3516 0.1221 -2.0142 0.7935
1777025569.3640 0.0000 -2.2278 0.9460
1777025569.3762 0.1526 -2.2888 0.6714
1777025569.3879 -0.0610 -2.1362 0.7019
1777025569.3993 -0.0610 -2.4109 0.9155
1777025569.4118 0.1221 -2.4109 0.7629
1777025569.4241 -0.1526 -2.3193 0.7019
1777025569.4356 0.2136 -2.3193 1.1292
1777025569.4476 -0.0610 -2.5024 0.9460
1777025569.4602 0.1526 -2.1973 0.8240
1777025569.4715 0.2136 -2.0752 0.6104
1777025569.4837 0.3052 -2.2278 0.7324
1777025569.4956 -0.0916 -2.4719 0.7019
1777025569.5080 0.0916 -2.1057 0.6714
1777025569.5198 0.1831 -2.2583 0.9460
1777025569.5314 -0.0610 -2.3193 0.8545
1777025569.5442 0.2441 -2.2583 0.7935
1777025569.5559 0.2747 -2.2888 0.8850
1777025569.5673 0.0000 -2.1973 0.8850
1777025569.5795 -0.0916 -2.0752 0.7019
1777025569.5922 -0.0305 -2.4109 0.8545
1777025569.6034 -0.1831 -2.5024 0.4578
1777025569.6157 0.0610 -2.2888 0.7935
1777025569.6281 -0.1831 -2.2278 1.1597
1777025569.6393 0.2136 -2.3499 0.7629
1777025569.6519 -0.0610 -2.2278 0.7324
1777025569.6642 0.0916 -2.3499 0.8850
1777025569.6755 0.2136 -2.3193 0.7629
1777025569.6877 0.2747 -2.3193 0.7935
1777025569.7001 0.1221 -2.2888 0.9155
1777025569.7114 0.1831 -2.4719 0.8850
1777025569.7238 0.1831 -2.1667 0.7324
1777025569.7361 0.2747 -2.1362 0.7324
1777025569.7477 0.1526 -2.3499 0.6104
1777025569.7595 0.0000 -2.1973 0.6104
1777025569.7721 0.0916 -2.2888 0.8240
1777025569.7833 0.0916 -2.3193 0.7935
1777025569.7958 0.0000 -2.1667 0.7629
1777025569.8082 -0.0610 -2.1667 0.7019
1777025569.8201 0.0610 -2.2583 0.8545
1777025569.8316 0.1831 -2.2583 0.8545
1777025569.8439 -0.0610 -2.4109 0.7935
1777025569.8559 0.1221 -2.2278 0.9155
1777025569.8675 0.0610 -2.1667 0.8240
1777025569.8797 0.2747 -2.2278 0.7935
1777025569.8913 0.0305 -2.2583 0.7324
1777025569.9037 -0.1221 -2.2888 0.9155
1777025569.9160 0.0000 -2.1667 0.9766
1777025569.9282 0.0610 -2.0142 0.7324
1777025569.9399 0.1831 -2.1667 0.7019
1777025569.9527 0.0000 -2.1973 0.8850
1777025569.9634 0.0305 -2.3193 0.8240
1777025569.9753 0.0610 -2.2888 0.6409
1777025569.9880 0.0610 -2.4719 0.6714
1777025569.9993 0.2136 -2.3193 1.0071
1777025570.0118 0.0610 -2.1362 0.6714
1777025570.0242 -0.1221 -2.2278 0.6714
1777025570.0355 -0.1526 -2.1667 0.8545
1777025570.0480 0.0610 -2.4109 0.7935
1777025570.0596 0.1221 -2.4109 0.5798
1777025570.0722 0.0610 -2.1362 0.9766
1777025570.0834 0.0305 -2.2888 0.7324
1777025570.0957 0.3357 -2.1362 0.7019
1777025570.1075 -0.0305 -2.3193 1.0986
1777025570.1198 0.0305 -2.2278 0.8850
1777025570.1323 0.1221 -2.2278 0.6104
1777025570.1436 0.0305 -2.5024 0.7935
1777025570.1563 0.0610 -2.3499 0.8850
1777025570.1676 -0.0305 -2.2888 0.7019
1777025570.1800 0.0916 -2.1973 0.6409
1777025570.1922 0.1221 -2.2583 0.9155
1777025570.2035 0.0916 -2.3193 0.9460
1777025570.2159 0.1221 -2.2888 0.8850
1777025570.2276 0.1526 -2.2278 0.8240
1777025570.2399 0.0916 -2.2278 0.7019
1777025570.2516 0.1526 -2.1973 0.9460
1777025570.2641 0.2136 -2.3804 0.7629
1777025570.2755 0.0000 -2.1667 0.8545
1777025570.2881 0.1831 -2.1667 0.9766
1777025570.2994 0.2747 -2.1362 0.7019
1777025570.3118 0.1221 -2.2583 0.8240
1777025570.3234 0.0610 -2.1362 0.7935
1777025570.3358 -0.0610 -2.3499 0.8850
1777025570.3474 0.0916 -2.2278 0.6714
1777025570.3596 0.0305 -2.2583 0.5798
1777025570.3720 -0.0916 -2.0752 0.8545
1777025570.3843 0.0305 -2.3499 0.6409
1777025570.3958 -0.1221 -2.2583 0.6409
1777025570.4082 0.1831 -2.0752 0.9460
1777025570.4198 0.2747 -2.2888 0.6714
1777025570.4321 0.2136 -2.3193 0.8240
1777025570.4438 0.0305 -2.0142 0.9460
1777025570.4561 0.1526 -2.1973 0.8850
1777025570.4677 0.1526 -2.3804 0.8545
1777025570.4800 -0.2136 -2.2888 0.6714
1777025570.4924 0.0000 -2.3804 0.7935
1777025570.5037 0.0000 -2.1667 0.7019
1777025570.5160 0.4272 -2.1362 0.6409
1777025570.5276 -0.0305 -2.2278 1.0071
1777025570.5399 0.2136 -2.5330 0.5493
1777025570.5514 0.1221 -2.4414 0.8240
1777025570.5639 0.0000 -2.4414 0.9460
1777025570.5765 0.1221 -2.0752 1.0071
1777025570.5879 0.0000 -2.4719 1.0681
1777025570.6003 0.1526 -2.4414 0.9460
1777025570.6116 -0.1221 -2.0447 0.6714
1777025570.6241 0.0916 -2.1973 0.8240
1777025570.6365 0.0305 -2.2583 0.7935
1777025570.6478 0.1831 -2.2888 0.7629
1777025570.6596 0.1221 -2.3804 1.0071
1777025570.6722 0.1526 -2.2888 0.6714
1777025570.6838 0.0610 -2.2888 0.8545
1777025570.6956 0.0610 -2.3193 0.9460
1777025570.7081 0.4272 -2.1973 0.9766
1777025570.7196 0.0916 -2.3499 0.8545
1777025570.7320 -0.1831 -2.2888 0.8545
1777025570.7444 0.1221 -2.2888 0.7324
1777025570.7557 0.3357 -2.0752 0.7935
1777025570.7683 -0.1221 -2.1362 0.8850
1777025570.7796 0.3052 -2.4414 0.6714
1777025570.7922 -0.0610 -2.0447 0.7629
1777025570.8035 -0.1831 -2.0752 0.7935
1777025570.8159 0.1221 -2.1057 0.7019
1777025570.8275 0.2747 -2.0752 0.7629
1777025570.8398 0.0916 -2.0752 0.6714
1777025570.8517 0.1221 -2.1057 0.8240
1777025570.8642 0.1221 -2.3804 0.6104
1777025570.8765 0.0305 -2.4719 0.8545
1777025570.8882 -0.0610 -2.4414 0.6409
1777025570.8996 -0.1831 -2.3193 0.9766
1777025570.9118 0.3662 -2.2888 0.6409
1777025570.9244 0.0305 -2.5024 0.6409
1777025570.9357 0.2136 -2.3499 0.9155
1777025570.9480 -0.0305 -2.1667 0.8240
1777025570.9596 0.0000 -2.2888 0.7629
1777025570.9720 0.3967 -2.1973 0.9460
1777025570.9845 0.2441 -2.1362 0.7019
1777025570.9962 0.0000 -2.5024 0.9460
1777025571.0078 0.0000 -2.1973 0.6104
1777025571.0199 0.2747 -2.4109 0.8850
1777025571.0322 0.0610 -2.4719 0.8240
1777025571.0436 0.1526 -2.2583 0.9155
1777025571.0561 0.0610 -2.3499 0.7324
1777025571.0686 -0.1831 -2.2583 0.8850
1777025571.0802 0.3357 -2.3193 1.0986
1777025571.0918 -0.0916 -2.1973 0.9155
1777025571.1042 -0.0305 -2.1667 0.8850
1777025571.1165 0.1526 -2.3499 0.7629
1777025571.1277 0.0000 -2.2583 0.6714
1777025571.1401 -0.1221 -2.1362 0.7629
1777025571.1528 0.0305 -2.2583 0.8850
1777025571.1643 0.0916 -2.4109 0.6714
1777025571.1764 0.0000 -2.0752 0.8850
1777025571.1885 0.0000 -2.0752 0.8850
1777025571.1998 0.0000 -2.1057 0.8850
1777025571.2121 0.2136 -2.1667 0.7935
1777025571.2245 -0.1526 -2.0447 0.6104
1777025571.2367 0.0305 -2.1057 0.7629
1777025571.2481 0.2136 -2.1667 0.6104
1777025571.2608 0.1221 -2.3499 0.7324
1777025571.2720 0.2136 -2.4109 0.9155
1777025571.2839 0.0916 -2.3499 0.7629
1777025571.2961 0.2441 -2.4109 1.0071
1777025571.3085 0.0916 -2.0752 0.8240
1777025571.3200 0.3357 -2.1973 1.0376
1777025571.3326 -0.0305 -2.2278 0.7935
1777025571.3440 0.1526 -2.4414 0.8545
1777025571.3565 -0.0305 -2.5940 0.7935
1777025571.3679 0.1221 -2.1057 0.9155
1777025571.3804 0.3357 -2.2583 0.7324
1777025571.3918 0.0305 -2.2888 0.8850
1777025571.4042 0.0305 -2.2888 1.0376
1777025571.4165 -0.0305 -2.1973 1.0376
1777025571.4282 -0.0305 -2.0752 0.8240
1777025571.4405 0.1831 -2.1973 0.5493
1777025571.4520 0.0305 -2.1973 0.8545
1777025571.4645 -0.1221 -2.5330 0.7935
1777025571.4758 0.2136 -2.4414 0.8240
1777025571.4884 0.0305 -2.1362 0.9155
1777025571.4998 0.0000 -2.1362 0.9460
1777025571.5125 0.0610 -2.2888 1.0986
1777025571.5242 0.2747 -2.1973 0.8240
1777025571.5365 -0.1221 -2.1667 0.8850
1777025571.5486 -0.2136 -2.1362 0.9766
1777025571.5606 0.0000 -2.3804 0.7935
1777025571.5728 0.0305 -2.3193 1.0071
1777025571.5844 0.0916 -2.1667 0.7019
1777025571.5962 -0.0305 -2.4414 0.9155
1777025571.6079 0.2136 -2.1973 0.9155
1777025571.6204 0.0916 -2.3804 0.7935
1777025571.6320 0.0000 -2.2583 1.0681
1777025571.6448 0.1526 -2.2278 0.8240
1777025571.6559 0.0305 -2.3804 0.9460
1777025571.6682 0.0305 -2.5940 0.7629
1777025571.6800 0.0305 -2.2278 0.7324
1777025571.6926 0.2441 -2.2278 0.5493
1777025571.7041 -0.0610 -2.3193 0.7935
1777025571.7214 0.1221 -2.0447 0.7629
1777025571.7288 0.2441 -2.4109 0.5188
1777025571.7406 0.2136 -2.4719 0.7019
1777025571.7522 0.1526 -2.1362 0.7324
1777025571.7641 0.2136 -2.4109 0.7324
1777025571.7765 0.0305 -2.3804 0.6714
1777025571.7888 0.0000 -2.2278 0.7935
1777025571.8009 0.0000 -2.2583 0.8545
1777025571.8130 0.2747 -2.3193 0.9460
1777025571.8252 0.0916 -2.3499 0.8545
1777025571.8367 0.2136 -2.3804 0.8850
1777025571.8486 0.1221 -2.1362 0.9460
1777025571.8606 0.0610 -2.2583 0.4272
1777025571.8722 -0.0610 -2.3804 0.9460
1777025571.8844 0.0000 -2.2278 0.5493
1777025571.8990 -0.0305 -2.3499 0.7935
1777025571.9088 0.1221 -2.3499 0.7629
1777025571.9204 0.0305 -2.5330 0.7019
1777025571.9321 0.2136 -2.2888 0.9155
1777025571.9440 0.2441 -2.3499 0.7019
1777025571.9566 -0.0916 -2.3193 0.8850
1777025571.9690 0.1526 -2.1667 0.6714
1777025571.9815 0.0610 -2.1973 0.6104
1777025571.9926 0.1221 -2.1973 0.8240
1777025572.0043 -0.0305 -2.6550 0.8240
1777025572.0165 0.1221 -2.2888 0.7019
1777025572.0285 0.0000 -2.2278 0.9155
1777025572.0410 -0.0610 -2.1973 0.7935
1777025572.0522 -0.0916 -2.4719 0.7019
1777025572.0649 0.0305 -2.3804 0.9155
1777025572.0768 0.0000 -2.3499 0.7935
1777025572.0882 -0.0305 -2.4414 0.8545
1777025572.1007 0.0305 -2.0752 0.8240
1777025572.1121 0.0305 -2.2583 0.7935
1777025572.1245 0.0916 -2.2278 0.6714
1777025572.1364 0.1831 -2.2278 0.7935
1777025572.1485 0.2441 -2.4414 0.8545
1777025572.1607 0.2747 -2.5024 0.9155
1777025572.1729 0.0305 -1.8616 0.9155
1777025572.1861 -0.0610 -2.3193 0.6104
1777025572.1968 0.3052 -2.4109 0.7629
1777025572.2090 0.1526 -2.1362 0.7935
1777025572.2213 0.0610 -2.2888 0.9766
1777025572.2323 0.3662 -2.3804 0.7629
1777025572.2440 0.0000 -2.4414 0.7629
1777025572.2562 0.1526 -2.2583 0.7629
1777025572.2689 -0.0305 -2.2583 0.9155
1777025572.2804 0.0000 -2.3499 0.5188
1777025572.2925 0.0916 -2.2888 1.0681
1777025572.3093 0.2136 -2.3499 0.6409
1777025572.3170 -0.1831 -2.3499 0.8545
1777025572.3284 0.0916 -2.1057 0.7019
1777025572.3401 0.2136 -2.2583 0.9460
1777025572.3548 0.1526 -2.0752 0.8545
1777025572.3646 0.0610 -2.1362 0.7629
1777025572.3769 -0.0305 -2.2278 0.7629
1777025572.3891 0.1221 -2.3499 0.7935
1777025572.4005 0.1831 -1.8921 0.9155
1777025572.4125 -0.0305 -2.2888 0.6714
1777025572.4246 0.0305 -2.4414 0.7629
1777025572.4372 0.0000 -2.4414 0.8240
1777025572.4480 0.0610 -2.3499 0.7019
1777025572.4606 0.0000 -2.1057 0.8240
1777025572.4725 0.1526 -2.3499 0.8240
1777025572.4847 0.1221 -2.2278 0.8240
1777025572.4961 0.1831 -2.3499 0.6409
1777025572.5081 0.0000 -2.4109 0.9460
1777025572.5210 0.1221 -2.5024 0.8545
1777025572.5336 0.0916 -2.3804 0.8240
1777025572.5445 0.0000 -2.1667 0.7019
1777025572.5569 0.0000 -2.2278 1.0071
1777025572.5691 0.2441 -2.1362 0.8240
1777025572.5814 -0.0610 -2.2888 0.6714
1777025572.5921 0.1221 -2.0447 0.9460
1777025572.6046 -0.0916 -2.2278 0.9155
1777025572.6162 0.1221 -2.3193 0.6104
1777025572.6291 -0.1526 -2.1973 1.0376
1777025572.6401 0.1831 -2.4109 1.0681
1777025572.6525 -0.1526 -2.4719 0.7019
1777025572.6642 0.2441 -2.2278 0.8850
1777025572.6811 0.0916 -2.2278 0.7629
1777025572.6891 -0.0305 -2.0752 0.7935
1777025572.7003 0.2441 -2.2278 0.6409
1777025572.7121 0.0000 -2.3499 0.4883
1777025572.7254 0.0000 -2.3804 0.8545
1777025572.7367 0.0305 -2.3193 0.9460
1777025572.7485 -0.0916 -2.4719 0.7629
1777025572.7603 0.0916 -2.1973 0.6104
1777025572.7730 -0.2441 -1.9531 0.9766
1777025572.7845 -0.0305 -2.4719 0.6104
1777025572.7964 0.2136 -2.0752 0.8850
1777025572.8090 0.1831 -2.4414 0.6714
1777025572.8207 -0.0305 -2.3499 0.5188
1777025572.8327 -0.0305 -2.1057 0.8240
1777025572.8449 -0.1221 -2.5024 0.8545
1777025572.8562 0.0305 -2.2888 0.9460
1777025572.8689 0.0916 -2.1667 0.7629
1777025572.8803 0.2441 -2.3499 0.9155
1777025572.8925 0.0916 -2.0447 0.7935
1777025572.9047 -0.0610 -2.4719 0.8545
1777025572.9170 0.0000 -2.2888 0.8850
1777025572.9284 0.0916 -2.4414 0.9460
1777025572.9411 -0.0305 -2.3499 0.8850
1777025572.9531 -0.0305 -2.2278 0.7019
1777025572.9647 0.1526 -2.3804 0.9460
1777025572.9766 0.2441 -2.2278 0.9155
1777025572.9882 0.0305 -2.3193 0.7935
1777025573.0005 -0.0305 -1.9226 0.7935
1777025573.0129 -0.0305 -2.3193 0.6104
1777025573.0241 0.0610 -2.4414 0.6714
1777025573.0381 0.0000 -2.4109 0.8240
1777025573.0489 -0.0305 -2.3193 0.7935
1777025573.0611 0.0305 -2.5330 0.7324
1777025573.0731 0.1221 -2.1667 0.8240
1777025573.0851 0.3052 -2.3193 0.7019
1777025573.0968 0.3052 -2.1362 0.6714
1777025573.1089 0.2136 -1.9836 0.9460
1777025573.1205 0.2136 -2.0752 1.0071
1777025573.1323 0.3357 -2.2888 0.7019
1777025573.1450 -0.0305 -2.3193 0.6104
1777025573.1568 0.1221 -2.1362 0.7324
1777025573.1687 0.1221 -2.1362 0.6104
1777025573.1803 0.0000 -2.0752 0.7935
1777025573.1931 0.3052 -2.2888 0.7629
1777025573.2051 0.0305 -2.2888 0.8850
1777025573.2168 0.2747 -2.0752 0.8240
1777025573.2289 -0.1221 -2.1973 0.9155
1777025573.2408 0.0916 -2.1973 0.7324
1777025573.2527 0.0000 -2.1973 0.8545
1777025573.2646 0.0305 -2.3193 0.8545
1777025573.2767 0.2136 -2.2278 0.7935
1777025573.2886 -0.0610 -2.3499 0.9460
1777025573.3004 0.0916 -2.1362 0.5188
1777025573.3123 0.2441 -2.2888 0.7935
1777025573.3244 0.0610 -2.3804 0.9155
1777025573.3369 0.0610 -2.1973 0.8545
1777025573.3491 -0.0305 -2.1667 0.9155
1777025573.3609 0.0305 -2.2278 0.8545
1777025573.3729 0.1526 -2.2278 0.7629
1777025573.3851 0.1526 -2.1973 0.8240
1777025573.3970 0.0610 -2.5940 0.6409
1777025573.4087 0.1831 -2.5024 0.5798
1777025573.4209 0.0610 -2.2583 0.9460
1777025573.4323 0.0610 -2.2278 0.7629
1777025573.4448 -0.0610 -2.2888 0.9460
1777025573.4565 0.1831 -2.0447 0.9460
1777025573.4690 0.2747 -2.4414 0.6714
1777025573.4803 0.2136 -2.4719 0.9155
1777025573.4924 0.0610 -2.2888 0.5798
1777025573.5048 0.0305 -2.3193 0.8850
1777025573.5163 0.2747 -2.3193 0.6714
1777025573.5289 0.3357 -2.4109 0.7629
1777025573.5412 0.2136 -2.2278 0.8545
1777025573.5532 -0.0610 -1.9836 0.7629
1777025573.5645 -0.0305 -2.2278 0.8545
1777025573.5771 -0.0610 -2.4109 0.6714
1777025573.5889 0.0305 -2.3499 0.9766
1777025573.6012 0.1221 -2.1667 0.8850
1777025573.6126 0.0305 -2.3193 0.7935
1777025573.6244 0.1831 -2.2278 0.8545
1777025573.6367 0.0610 -2.5024 0.9766
1777025573.6493 -0.0305 -2.4719 0.8545
1777025573.6612 0.0000 -2.1667 0.6714
1777025573.6726 -0.0916 -2.2888 0.8850
1777025573.6846 0.0610 -2.4109 0.9155
1777025573.6970 -0.2747 -2.3193 0.9766
1777025573.7085 0.1221 -2.4414 0.8545
1777025573.7210 0.0610 -2.1973 0.9460
1777025573.7325 -0.1831 -2.3499 0.8850
1777025573.7449 -0.0305 -2.2888 0.7019
1777025573.7566 0.0305 -2.2888 0.7019
1777025573.7692 0.0000 -2.1362 0.6409
1777025573.7806 0.1526 -2.5024 0.9155
1777025573.7924 0.2136 -2.2888 0.8850
1777025573.8049 0.1221 -2.4414 1.0681
1777025573.8171 0.0610 -2.4414 0.8240
1777025573.8283 0.3052 -2.3193 0.9460
1777025573.8406 -0.1221 -2.2278 0.7324
1777025573.8524 0.0000 -2.5024 0.8240
1777025573.8647 0.2747 -2.1362 0.8545
1777025573.8770 -0.1221 -2.3193 0.7324
1777025573.8885 0.0916 -2.3193 1.0681
1777025573.9009 0.2441 -2.2278 0.5493
1777025573.9132 0.0916 -2.3193 0.7324
1777025573.9247 0.0610 -2.2888 0.9460
1777025573.9369 0.0610 -2.1973 0.8240
1777025573.9484 -0.0610 -2.1973 0.7629
1777025573.9611 -0.1831 -2.4414 0.7629
1777025573.9726 -0.0610 -2.3499 1.0376
1777025573.9852 0.1526 -2.1973 0.8850
1777025573.9965 0.1831 -2.4109 0.9155
1777025574.0089 0.0610 -2.1362 0.9155
1777025574.0207 0.3357 -2.4109 0.8850
1777025574.0332 0.0305 -2.3499 0.8240
1777025574.0445 0.1221 -2.3193 0.9155
1777025574.0566 -0.1831 -2.0447 0.9460
1777025574.0684 0.2747 -2.4414 0.8240
1777025574.0806 0.3052 -2.1973 0.7629
1777025574.0933 0.2747 -2.1057 0.7935
1777025574.1049 0.2136 -2.3193 0.8545
1777025574.1164 0.2747 -2.4414 0.7629
1777025574.1288 -0.0305 -2.3499 0.8545
1777025574.1411 0.1221 -2.2583 0.8545
1777025574.1525 0.0305 -2.3193 0.7629
1777025574.1651 0.1526 -2.4414 0.9460
1777025574.1773 0.2441 -2.2888 0.7629
1777025574.1890 0.0000 -2.1362 0.8545
1777025574.2013 0.0305 -2.2583 0.8240
1777025574.2125 -0.1831 -2.3193 1.0071
1777025574.2253 0.1221 -2.4109 0.8850
1777025574.2367 0.2136 -2.3193 0.7629
1777025574.2494 0.0000 -2.1057 0.8850
1777025574.2604 0.1526 -2.2278 0.5798
1777025574.2727 -0.0305 -2.2583 0.8545
1777025574.2845 -0.0610 -2.2278 0.7324
1777025574.2969 0.1526 -2.2583 0.7629
1777025574.3094 -0.0305 -2.3193 0.7324
1777025574.3208 0.3357 -2.3804 0.6409
1777025574.3332 0.0000 -2.0142 0.7629
1777025574.3448 0.0305 -2.3804 0.8240
1777025574.3566 0.1526 -2.4719 0.6104
1777025574.3690 0.0916 -2.5635 0.8850
1777025574.3813 0.0000 -2.1667 0.9155
1777025574.3932 -0.1221 -2.3804 0.7019
1777025574.4046 0.0305 -2.5940 0.7935
1777025574.4170 0.0916 -2.2583 0.7629
1777025574.4286 0.1831 -2.3499 1.0376
1777025574.4412 0.0000 -2.4414 0.7629
1777025574.4534 -0.0305 -2.1973 0.6714
1777025574.4647 -0.0916 -2.1973 0.6104
1777025574.4769 -0.0916 -2.0447 0.8240
1777025574.4893 0.0916 -2.3193 0.6104
1777025574.5007 0.0000 -2.1667 0.6104
1777025574.5131 0.0000 -2.1057 0.7019
1777025574.5256 0.2136 -2.3193 0.7629
1777025574.5370 0.1526 -2.2278 0.8850
1777025574.5485 0.0000 -2.2278 0.6714
1777025574.5611 0.1221 -2.5024 0.8850
1777025574.5734 0.0305 -2.3499 0.7629
1777025574.5845 0.0305 -2.2888 0.5798
1777025574.5969 0.0000 -2.2278 1.0986
1777025574.6093 -0.1526 -2.2888 0.8240
1777025574.6207 0.1831 -2.1973 0.9155
1777025574.6331 0.1831 -2.1973 0.8240
1777025574.6448 0.0610 -2.4109 0.6409
1777025574.6573 -0.0610 -2.1667 1.0071
1777025574.6688 0.1221 -2.3193 0.6714
1777025574.6811 0.1526 -2.1973 0.7629
1777025574.6924 0.0305 -2.1057 0.7935
1777025574.7048 0.2747 -2.5635 0.7019
1777025574.7174 0.0610 -2.4719 1.0071
1777025574.7289 0.1526 -2.1667 0.5798
1777025574.7411 -0.1831 -2.1667 0.9766
1777025574.7532 0.0610 -2.3804 0.8240
1777025574.7648 -0.0610 -2.3804 0.7935
1777025574.7771 0.0916 -2.0752 0.8240
1777025574.7889 -0.0610 -2.3499 0.8240
1777025574.8011 0.1221 -2.1362 0.4883
1777025574.8126 0.0305 -2.3804 0.9155
1777025574.8254 -0.1831 -2.0447 0.9155
1777025574.8366 0.1221 -2.2583 0.8545
1777025574.8490 0.2136 -2.1362 0.7935
1777025574.8609 -0.0610 -2.3804 0.8545
1777025574.8732 -0.0610 -2.2278 0.8240
1777025574.8847 0.0305 -2.2888 0.7324
1777025574.8971 -0.1526 -2.2888 0.7324
1777025574.9091 -0.2136 -2.1362 0.7629
1777025574.9215 0.1831 -2.1973 0.9460
1777025574.9328 0.1221 -2.2278 0.9766
1777025574.9452 -0.0610 -2.3804 0.9460
1777025574.9568 0.1526 -2.3804 0.6104
1777025574.9691 0.0916 -2.3804 0.7019
1777025574.9814 0.0610 -2.3193 0.9460
1777025574.9926 0.0916 -2.4719 0.7324
1777025575.0053 0.1221 -2.3499 0.7324
1777025575.0175 0.1526 -2.2888 0.9460
1777025575.0289 0.0000 -2.1973 0.7324
1777025575.0412 0.0916 -2.4719 0.7935
1777025575.0535 0.0305 -2.1973 0.6104
1777025575.0648 0.0000 -2.3193 0.9766
1777025575.0773 -0.0916 -2.2888 0.8545
1777025575.0889 0.2441 -2.2888 0.9155
1777025575.1015 0.0916 -2.3499 0.7629
1777025575.1127 0.0916 -2.1057 0.8240
1777025575.1253 0.0610 -2.3193 0.8240
1777025575.1374 0.0305 -2.1057 0.6104
1777025575.1490 -0.0610 -2.2888 0.6714
1777025575.1616 0.1526 -2.0752 0.7935
1777025575.1729 -0.1526 -2.3193 0.7019
1777025575.1855 0.1221 -2.3499 0.9155
1777025575.1969 0.0610 -2.1667 0.7629
1777025575.2095 -0.0305 -2.0447 0.8240
1777025575.2209 -0.0305 -2.2583 0.9155
1777025575.2332 0.0916 -2.4414 0.7019
1777025575.2447 0.1526 -2.3499 0.8850
1777025575.2575 0.0916 -2.5024 0.7019
1777025575.2689 0.0305 -2.0752 0.8240
1777025575.2814 0.1221 -2.4719 0.7019
1777025575.2936 0.0000 -2.2583 0.7019
1777025575.3049 0.2136 -2.5635 0.8240
1777025575.3176 0.2747 -2.2888 0.7629
1777025575.3289 0.0305 -2.0447 0.6714
1777025575.3416 0.1526 -2.4109 0.8850
1777025575.3532 0.1221 -2.2278 0.8240
1777025575.3657 0.1526 -2.1973 0.7324
1777025575.3770 0.0305 -2.2278 0.7324
1777025575.3887 0.2136 -2.4109 0.8240
1777025575.4009 0.0916 -2.0752 0.7935
1777025575.4128 0.2441 -2.2888 0.7019
1777025575.4251 -0.0305 -2.2583 0.9766
1777025575.4367 0.1526 -2.2278 0.7935
1777025575.4487 0.0610 -2.2583 0.8240
1777025575.4614 -0.0305 -2.2278 0.8545
1777025575.4746 0.1526 -2.1973 0.9155
1777025575.4852 0.1221 -2.2278 0.7935
1777025575.4980 0.0610 -2.3499 0.7019
1777025575.5092 0.0305 -2.1973 0.8240
1777025575.5207 0.0305 -2.2583 0.9155
1777025575.5334 0.1221 -2.1667 0.7629
1777025575.5452 0.1526 -2.5024 0.8240
1777025575.5568 0.2441 -2.1973 1.0071
1777025575.5694 -0.0610 -2.2583 1.0071
1777025575.5808 0.0305 -2.1667 1.0681
1777025575.5932 0.0305 -2.1973 0.8240
1777025575.6054 0.0000 -2.3499 0.9460
1777025575.6211 0.0000 -2.2583 0.9766
1777025575.6297 0.2747 -2.3193 0.7629
1777025575.6416 0.0000 -2.3193 0.7019
1777025575.6533 0.1221 -2.3193 0.7935
1777025575.6657 0.0305 -2.0752 0.7935
1777025575.6772 0.0610 -2.1362 0.9766
1777025575.6893 -0.0305 -2.2583 1.0071
1777025575.7016 -0.0305 -2.3193 0.8240
1777025575.7133 0.0305 -2.2278 0.6104
1777025575.7255 0.0305 -2.2583 0.8850
1777025575.7377 -0.1526 -2.1667 0.9155
1777025575.7494 -0.0916 -2.2888 0.8240
1777025575.7614 -0.0610 -2.2278 0.5798
1777025575.7728 -0.0305 -2.2888 0.8850
1777025575.7861 -0.0305 -2.1667 0.6714
1777025575.7969 0.2747 -2.4719 0.7935
1777025575.8091 0.1526 -2.2278 0.5798
1777025575.8216 0.0916 -2.4414 0.8850
1777025575.8332 0.0610 -2.2278 0.6104
1777025575.8453 0.0610 -2.2888 0.7324
1777025575.8575 0.0000 -2.3193 0.7935
1777025575.8689 0.0305 -2.3499 0.9766
1777025575.8813 0.0610 -2.2888 0.7629
1777025575.8933 0.3357 -2.3804 0.8240
1777025575.9057 0.2747 -2.3499 0.8850
1777025575.9179 0.0000 -2.4109 0.9460
1777025575.9298 -0.0610 -2.2888 0.8545
1777025575.9415 0.1221 -2.4109 0.7935
1777025575.9538 0.0305 -2.3193 0.7324
1777025575.9652 0.3052 -2.0447 1.1597
1777025575.9769 0.0610 -2.2888 0.9766
1777025575.9898 -0.1526 -1.8311 0.9460
1777025576.0008 0.1221 -2.3193 0.9766
1777025576.0137 -0.1526 -2.2278 0.8240
1777025576.0258 0.0916 -2.3804 0.8240
1777025576.0368 -0.0305 -2.1973 0.8850
1777025576.0495 -0.1221 -2.0752 0.7324
1777025576.0613 0.0610 -2.1362 0.6409
1777025576.0739 0.0000 -2.2583 0.8850
1777025576.0854 0.1526 -2.1057 0.7629
1777025576.0976 -0.0916 -2.4414 0.8240
1777025576.1097 0.1526 -2.4719 0.7324
1777025576.1214 0.1221 -2.2888 0.9766
1777025576.1328 -0.0305 -2.1362 0.7935
1777025576.1448 -0.0610 -2.4109 0.9155
1777025576.1578 0.0610 -2.4414 0.7935
1777025576.1693 0.1221 -2.2888 0.7324
1777025576.1846 -0.0610 -1.9531 0.8545
1777025576.1930 0.0305 -2.0752 0.9155
1777025576.2059 -0.0305 -2.2583 0.7324
1777025576.2182 0.2441 -2.0447 0.7324
1777025576.2299 0.1526 -2.2278 0.6409
1777025576.2413 0.0000 -2.2583 0.7629
1777025576.2531 0.0000 -2.2583 0.8850
1777025576.2658 0.2441 -2.3193 0.7935
1777025576.2779 0.1221 -2.4414 0.7935
1777025576.2892 0.0610 -2.3193 0.9155
1777025576.3021 0.0916 -2.1667 0.7019
1777025576.3130 0.0610 -2.1973 0.6409
1777025576.3252 0.1831 -2.1667 1.0071
1777025576.3379 0.0305 -2.3193 0.7324
1777025576.3489 0.0916 -2.0142 0.8240
1777025576.3611 0.1221 -2.3499 0.8545
1777025576.3730 0.0305 -2.3193 1.0376
1777025576.3887 0.0000 -2.2888 0.9766
1777025576.3973 -0.1526 -2.2888 0.5493
1777025576.4091 0.2136 -2.3193 0.7935
1777025576.4215 0.0610 -2.3804 0.9155
1777025576.4338 -0.0610 -2.3499 0.8545
1777025576.4492 -0.2441 -2.1362 0.6104
1777025576.4575 0.1526 -2.2888 0.9766
1777025576.4699 0.2136 -2.3193 0.8545
1777025576.4816 0.2747 -2.2888 0.9155
1777025576.4935 0.1221 -2.2888 0.7935
1777025576.5049 -0.0305 -2.4414 0.9766
1777025576.5174 0.3662 -2.2583 0.9155
1777025576.5293 0.2441 -2.2888 0.5493
1777025576.5418 0.2136 -2.2583 0.8545
1777025576.5539 -0.1221 -2.2278 0.8545
1777025576.5655 0.0916 -2.3499 0.8240
1777025576.5778 -0.0305 -2.2888 0.7935
1777025576.5894 -0.0305 -2.3193 0.7629
1777025576.6020 -0.1831 -2.2583 0.8545
1777025576.6133 -0.0305 -2.3193 0.7324
1777025576.6253 0.1221 -2.1973 1.0071
1777025576.6379 -0.0916 -2.5024 0.5493
1777025576.6495 0.3052 -2.3499 0.6714
1777025576.6620 0.0000 -2.2583 0.6714
1777025576.6739 -0.0305 -2.1667 0.7324
1777025576.6851 -0.0916 -2.2583 0.8545
1777025576.6972 0.0916 -2.1057 0.7324
1777025576.7092 0.2747 -2.2583 0.8545
1777025576.7211 -0.0305 -2.1667 0.6714
1777025576.7336 0.0000 -2.2583 0.8545
1777025576.7449 -0.0305 -2.2278 0.8850
1777025576.7573 0.0610 -2.2583 0.9766
1777025576.7696 0.0916 -2.5024 0.9766
1777025576.7811 0.1831 -1.9531 1.2207
1777025576.7937 -0.1526 -2.1973 0.7324
1777025576.8053 0.0916 -2.2583 0.7629
1777025576.8171 0.1831 -2.2888 0.7019
1777025576.8296 -0.1831 -2.4109 0.7324
1777025576.8420 0.1831 -2.1362 0.7935
1777025576.8540 -0.0610 -2.2278 0.8850
1777025576.8653 0.0305 -2.4109 1.0071
1777025576.8778 0.1526 -2.2888 0.7629
1777025576.8893 0.0000 -2.1667 0.6714
1777025576.9010 -0.0610 -2.3193 0.7019
1777025576.9135 0.0000 -2.2888 0.7935
1777025576.9256 0.1831 -2.1973 0.6104
1777025576.9379 0.2136 -2.4414 0.6409
1777025576.9494 0.0916 -2.3804 0.9460
1777025576.9611 0.1526 -2.2888 0.6409
1777025576.9731 0.0305 -2.2888 0.8240
1777025576.9856 0.0305 -2.3499 0.5493
1777025576.9971 0.0000 -2.1667 0.8240
1777025577.0095 0.0916 -2.3193 0.8240
1777025577.0215 0.0916 -2.2583 0.7324
1777025577.0340 0.0000 -2.5635 0.5493
1777025577.0454 -0.1526 -2.3193 0.6714
1777025577.0574 0.2747 -2.2888 0.7935
1777025577.0707 0.0305 -2.3804 0.7324
1777025577.0821 -0.1526 -2.2888 0.7324
1777025577.0942 0.2136 -2.3193 0.6714
1777025577.1058 -0.1526 -2.1973 0.7629
1777025577.1179 0.0610 -2.2278 0.7629
1777025577.1298 0.3052 -2.0447 0.7935
1777025577.1425 0.0305 -2.2888 0.7935
1777025577.1540 0.1221 -2.2583 0.7629
1777025577.1664 0.0610 -2.1973 0.9460
1777025577.1778 -0.0610 -2.4719 0.8545
1777025577.1901 0.3052 -2.1973 0.7935
1777025577.2022 0.0916 -2.0752 0.8240
1777025577.2146 0.0305 -2.2583 0.7629
1777025577.2260 -0.2136 -2.2583 0.8240
1777025577.2384 0.1221 -2.4414 0.9155
1777025577.2515 -0.0305 -2.2278 0.7019
1777025577.2618 0.1526 -2.4109 0.8850
1777025577.2739 0.1221 -2.0752 0.8850
1777025577.2862 0.3052 -2.2583 0.6104
1777025577.2984 0.0000 -2.3499 0.8850
1777025577.3100 0.0000 -1.9531 0.8240
1777025577.3219 -0.0305 -2.2888 0.8850
1777025577.3344 -0.1221 -2.4414 0.8240
1777025577.3468 0.0610 -2.0752 0.7019
1777025577.3586 0.0000 -2.4109 0.7935
1777025577.3702 0.1526 -2.2278 0.7019
1777025577.3837 -0.0610 -2.5024 1.0071
1777025577.3943 -0.0916 -2.4109 0.6104
1777025577.4063 0.0000 -2.3804 0.7324
1777025577.4182 0.1221 -2.2583 0.9155
1777025577.4299 0.0305 -2.1973 0.9460
1777025577.4425 0.0000 -2.3499 0.8240
1777025577.4541 0.1526 -2.2583 0.5798
1777025577.4660 -0.0305 -2.1973 1.2207
1777025577.4787 -0.0305 -2.2888 0.6409
1777025577.4906 0.1831 -2.2888 0.9155
1777025577.5023 0.1221 -2.3499 0.8545
1777025577.5156 -0.2747 -2.0752 0.8850
1777025577.5263 0.0000 -2.1362 0.8545
1777025577.5407 0.0305 -2.2278 0.7629
1777025577.5507 0.0000 -2.1973 0.7019
1777025577.5628 0.3357 -2.0142 0.9766
1777025577.5748 -0.0305 -2.2583 0.7629
1777025577.5892 0.3052 -2.1667 0.7019
1777025577.5981 -0.0305 -2.3499 0.9155
1777025577.6107 -0.1526 -2.1973 0.6104
1777025577.6223 0.1526 -2.1362 0.8850
1777025577.6347 0.2441 -1.9836 0.9766
1777025577.6460 0.1831 -2.1667 0.6409
1777025577.6579 -0.0916 -2.2888 0.8850
1777025577.6704 0.1221 -2.3499 0.8850
1777025577.6826 0.2136 -2.4109 0.9155
1777025577.6944 0.2747 -2.2278 0.8240
1777025577.7067 -0.0916 -2.1667 0.7324
1777025577.7189 -0.0305 -2.2583 0.6409
1777025577.7306 0.2441 -2.3193 0.5493
1777025577.7421 0.1831 -2.3193 0.8850
1777025577.7543 -0.0916 -2.2278 0.8545
1777025577.7667 0.2136 -2.2278 0.7629
1777025577.7790 0.0610 -2.2888 0.8850
1777025577.7908 -0.0305 -2.4109 0.6104
1777025577.8020 0.1526 -2.3499 0.8850
1777025577.8144 -0.1831 -2.2583 0.8850
1777025577.8269 0.2747 -2.3804 0.8545
1777025577.8382 -0.1831 -1.9226 0.7019
1777025577.8505 0.0916 -2.3193 0.7019
1777025577.8619 0.1526 -2.3804 0.7324
1777025577.8742 0.2441 -2.3193 0.6409
1777025577.8860 -0.0916 -2.2278 0.7629
1777025577.8983 0.0916 -2.1667 0.9766
1777025577.9107 0.0916 -2.2888 0.8240
1777025577.9223 0.4578 -2.2583 0.7629
1777025577.9348 0.0610 -2.2888 0.8545
1777025577.9461 0.0610 -2.3499 0.7935
1777025577.9589 -0.1526 -2.2583 0.7935
1777025577.9702 0.0610 -2.3804 0.7629
1777025577.9826 0.0916 -2.3499 0.7019
1777025577.9942 0.0000 -2.2888 0.7324
1777025578.0065 0.0610 -2.1057 0.9766
1777025578.0189 0.2136 -2.3193 0.8545
1777025578.0303 0.0000 -2.1362 0.9155
1777025578.0426 0.0610 -2.3193 0.8240
1777025578.0539 0.0000 -2.2583 0.8240
1777025578.0668 0.0000 -2.3499 0.7019
1777025578.0782 0.0305 -2.0752 0.9460
1777025578.0905 0.0305 -2.3499 0.5493
1777025578.1029 0.0916 -2.2888 0.7324
1777025578.1142 0.2441 -2.4109 0.8850
1777025578.1267 0.0000 -2.0752 1.0986
1777025578.1389 0.0916 -2.0752 0.7629
1777025578.1501 0.0916 -2.3193 0.7629
1777025578.1624 0.0610 -2.2278 0.7629
1777025578.1748 0.0916 -2.4109 0.7935
1777025578.1862 0.2136 -2.1057 0.7324
1777025578.1986 0.1831 -2.3193 0.9460
1777025578.2104 0.0305 -2.4109 0.8545
1777025578.2222 0.1221 -2.2278 0.7324
1777025578.2346 0.0916 -2.2583 0.6409
1777025578.2470 0.0305 -2.3499 1.0071
1777025578.2585 -0.1831 -2.1667 0.7935
1777025578.2710 -0.0305 -2.3193 0.9460
1777025578.2821 0.1221 -2.0447 0.9155
1777025578.2951 -0.1221 -2.2888 0.7019
1777025578.3062 0.3357 -2.3499 0.6714
1777025578.3190 0.0610 -2.5330 1.0071
1777025578.3303 -0.2136 -2.3804 0.9155
1777025578.3427 -0.0916 -2.3193 0.5798
1777025578.3544 0.0000 -2.2278 1.0376
1777025578.3667 0.0610 -2.4414 0.8545
1777025578.3789 0.2136 -2.1057 0.8240
1777025578.3904 0.0305 -2.3499 1.0071
1777025578.4027 0.1526 -2.2888 1.1902
1777025578.4143 0.1526 -2.2278 0.9155
1777025578.4269 0.1526 -2.2583 0.9460
1777025578.4382 0.1221 -2.2278 0.7935
1777025578.4510 -0.0610 -2.4414 0.8850
1777025578.4623 0.0000 -2.3804 0.6714
1777025578.4746 0.0610 -2.1667 0.8240
1777025578.4871 -0.1526 -2.6245 0.9766
1777025578.4983 -0.0610 -2.1667 0.5798
1777025578.5108 0.1526 -2.2278 0.7324
1777025578.5223 0.0305 -2.1057 0.8240
1777025578.5347 0.0305 -2.0142 0.7324
1777025578.5462 0.1831 -2.2888 0.8240
1777025578.5589 0.1526 -2.1973 0.8240
1777025578.5703 0.1831 -2.3804 0.9460
1777025578.5836 0.2136 -2.1973 0.7019
1777025578.5942 0.0305 -2.1057 0.7629
1777025578.6065 -0.0610 -2.4414 0.8545
1777025578.6189 0.0305 -2.1973 0.7935
1777025578.6305 -0.1831 -2.0752 0.7324
1777025578.6428 -0.0610 -2.1667 0.9766
1777025578.6542 0.1221 -2.3193 0.9155
1777025578.6669 0.0305 -2.2583 0.7935
1777025578.6783 0.0916 -2.1973 0.8850
1777025578.6911 -0.0305 -2.1362 0.8850
1777025578.7023 0.0610 -2.3193 0.9155
1777025578.7147 0.2136 -2.2888 1.0071
1777025578.7264 0.0916 -2.4719 0.7324
1777025578.7386 0.2747 -2.3804 0.7935
1777025578.7502 0.0610 -2.0752 0.7629
1777025578.7628 0.0610 -2.4719 0.7324
1777025578.7747 -0.0305 -2.3193 0.7019
1777025578.7862 -0.0610 -2.3804 0.8545
1777025578.7986 -0.0610 -2.0447 0.5798
1777025578.8111 -0.0305 -2.4719 0.6409
1777025578.8226 0.0000 -2.1362 0.6104
1777025578.8350 -0.0610 -2.2583 0.7324
1777025578.8464 -0.1221 -2.3804 0.6409
1777025578.8589 0.0916 -2.2888 0.7629
1777025578.8709 -0.0610 -2.1057 0.8240
1777025578.8822 0.1831 -2.3499 0.6409
1777025578.8943 0.0305 -2.2583 0.8240
1777025578.9068 0.1526 -2.2278 0.7629
1777025578.9184 0.1831 -2.1667 0.6409
1777025578.9309 0.1221 -2.2278 0.7629
1777025578.9422 0.2136 -2.3193 0.8240
1777025578.9546 -0.0610 -2.5940 0.9766
1777025578.9663 0.0305 -2.3499 0.7324
1777025578.9785 -0.0305 -2.2888 0.8545
1777025578.9905 0.0610 -2.2888 0.7324
1777025579.0029 0.0305 -2.3499 1.0071
1777025579.0142 0.0305 -2.0752 1.0071
1777025579.0267 0.1831 -2.0142 0.7935
1777025579.0391 0.1831 -2.4109 0.8545
1777025579.0504 0.0305 -2.3193 1.0376
1777025579.0629 0.0610 -1.9226 0.7019
1777025579.0742 0.2136 -2.1362 0.4883
1777025579.0862 0.1831 -2.2888 0.7019
1777025579.0985 0.1831 -2.3193 0.6104
1777025579.1111 0.0305 -2.2888 0.6409
1777025579.1229 -0.1526 -1.9836 0.9155
1777025579.1343 0.1526 -2.2278 0.6714
1777025579.1468 -0.1831 -2.2583 0.8240
1777025579.1585 0.0000 -2.3193 0.6714
1777025579.1711 0.1526 -2.2278 0.9766
1777025579.1824 0.1221 -2.2583 0.6714
1777025579.1941 -0.2441 -2.3193 0.8545
1777025579.2069 0.0916 -2.2583 0.7935
1777025579.2189 0.0000 -2.3804 0.7629
1777025579.2304 0.1526 -2.4414 0.8545
1777025579.2430 0.0305 -2.1973 0.8545
1777025579.2550 -0.0305 -2.2278 0.6714
1777025579.2664 0.2441 -2.2583 0.8545
1777025579.2786 0.0305 -2.3193 0.8850
1777025579.2907 0.2441 -2.4109 0.7324
1777025579.3031 0.2441 -2.1973 0.6104
1777025579.3143 -0.0916 -2.1362 0.7629
1777025579.3264 -0.0305 -2.4414 0.9155
1777025579.3389 0.1221 -2.2583 0.8850
1777025579.3508 0.1221 -2.3499 0.9766
1777025579.3630 0.2441 -2.2278 1.0376
1777025579.3745 0.2441 -2.2888 0.8545
1777025579.3863 -0.0305 -2.1667 1.0986
1777025579.3990 0.0916 -2.3499 0.8545
1777025579.4103 -0.1526 -2.2888 0.8240
1777025579.4230 -0.2136 -2.3804 1.0681
1777025579.4343 0.0916 -2.0142 0.7019
1777025579.4477 0.0610 -2.2888 0.7019
1777025579.4590 0.0000 -2.2888 0.6104
1777025579.4704 0.0916 -2.4414 0.6714
1777025579.4828 0.0305 -2.2278 0.8545
1777025579.4951 -0.0305 -2.4414 0.7935
1777025579.5064 0.1526 -2.1973 0.7019
1777025579.5191 0.0305 -2.2888 0.6714
1777025579.5305 0.2441 -2.2888 0.8240
1777025579.5430 0.1526 -2.3499 0.7629
1777025579.5545 0.0610 -2.1667 0.8850
1777025579.5670 0.0305 -2.2583 0.8850
1777025579.5783 0.1526 -2.1667 0.7324
1777025579.5904 0.1526 -2.1362 0.7629
1777025579.6027 0.1526 -2.1362 0.8545
1777025579.6143 -0.0916 -2.3804 0.8850
1777025579.6264 -0.1526 -2.4414 0.7629
1777025579.6388 0.1831 -2.3804 0.7629
1777025579.6511 0.1831 -2.1973 0.5798
1777025579.6624 -0.1526 -2.0752 0.5798
1777025579.6748 -0.0610 -2.2888 0.9155
1777025579.6867 -0.1831 -2.4414 0.9155
1777025579.6990 0.2441 -2.5024 0.6714
1777025579.7105 -0.1221 -2.2583 1.0071
1777025579.7227 -0.0610 -2.4414 0.5798
1777025579.7352 0.0305 -2.2278 0.7935
1777025579.7466 -0.0610 -2.4414 0.7324
1777025579.7583 0.0610 -2.3499 0.7629
1777025579.7707 0.1221 -2.5024 0.7629
1777025579.7823 0.1221 -2.0752 0.7019
1777025579.7947 -0.0610 -2.3804 0.9155
1777025579.8063 -0.0610 -2.0142 1.0986
1777025579.8190 0.1526 -2.1667 0.7324
1777025579.8305 -0.0305 -2.1973 0.9155
1777025579.8431 0.1221 -2.2583 0.7935
1777025579.8546 0.1526 -2.4109 0.7629
1777025579.8670 0.4883 -2.1973 0.8545
1777025579.8783 0.2136 -2.0752 0.7324
1777025579.8912 -0.1221 -2.2278 0.8240
1777025579.9026 -0.0610 -2.2278 0.9155
1777025579.9150 0.0610 -2.2888 1.0071
1777025579.9266 -0.0916 -2.2888 0.6714
1777025579.9388 -0.1526 -2.3499 0.8850
1777025579.9505 0.0305 -2.1667 0.8850
1777025579.9628 0.4883 -2.2278 0.7019
1777025579.9751 0.0916 -2.4414 1.0071
1777025579.9872 -0.0305 -2.3193 0.9155
1777025579.9985 0.1221 -2.3193 0.7324
1777025580.0111 0.0916 -2.3499 0.8240
1777025580.0228 0.0000 -2.1362 0.8545
1777025580.0351 -0.0610 -2.1362 0.8240
1777025580.0467 0.2136 -2.3193 1.0071
1777025580.0592 0.0610 -2.3193 0.7935
1777025580.0706 -0.0305 -2.1973 0.7324
1777025580.0829 0.2441 -2.4414 0.6714
1777025580.0944 -0.3052 -2.5024 0.7324
1777025580.1068 0.0610 -2.4109 0.6714
1777025580.1183 0.0305 -2.2278 0.7629
1777025580.1306 0.1526 -2.3499 0.9766
1777025580.1432 0.0000 -2.1362 0.8850
1777025580.1547 0.0916 -2.1057 0.6104
1777025580.1671 0.0916 -2.2888 1.0376
1777025580.1783 0.1526 -2.1973 1.0681
1777025580.1906 0.1526 -2.3804 0.7629
1777025580.2030 -0.0305 -2.3804 0.8850
1777025580.2144 0.2136 -2.3499 0.9155
1777025580.2272 0.1526 -2.2278 1.0071
1777025580.2385 0.1221 -2.2888 0.6714
1777025580.2503 0.0916 -2.3193 0.8850
1777025580.2630 -0.0305 -2.3499 0.7935
1777025580.2745 0.2441 -2.1973 1.0376
1777025580.2870 0.1526 -2.1667 0.8545
1777025580.2984 0.0305 -2.0447 1.1292
1777025580.3108 0.1526 -2.2888 0.7324
1777025580.3226 0.0610 -2.3499 0.7629
1777025580.3350 -0.0916 -2.2888 0.8240
1777025580.3477 0.0305 -2.1057 0.7324
1777025580.3593 -0.1221 -2.1667 0.8545
1777025580.3707 0.1526 -2.2888 0.7324
1777025580.3838 -0.0305 -2.1362 0.9155
1777025580.3952 0.0305 -2.3499 0.5798
1777025580.4065 -0.0916 -2.2583 0.9766
1777025580.4192 -0.0305 -2.2583 0.7324
1777025580.4307 -0.0305 -2.5635 0.7935
1777025580.4430 0.1831 -2.2888 0.7019
1777025580.4546 0.3052 -2.2888 0.8850
1777025580.4668 0.0916 -2.1973 0.8545
1777025580.4792 -0.0305 -2.1973 0.8240
1777025580.4909 0.0000 -2.1362 0.8850
1777025580.5026 0.1526 -2.1973 0.7324
1777025580.5149 0.0916 -2.3193 0.6409
1777025580.5273 0.0610 -2.1057 0.9155
1777025580.5385 0.0305 -2.2583 0.6409
1777025580.5504 0.0916 -2.3499 0.7019
1777025580.5627 0.2441 -2.3804 0.7935
1777025580.5750 0.1831 -2.1362 0.8850
1777025580.5864 0.1831 -2.4414 0.5493
1777025580.5989 0.0000 -2.2583 0.7629
1777025580.6113 0.0000 -2.2888 0.7629
1777025580.6227 -0.1526 -2.4109 0.8545
1777025580.6350 0.1221 -2.1973 0.5798
1777025580.6464 -0.2136 -2.3193 0.8850
1777025580.6593 0.0305 -2.2278 1.0376
1777025580.6707 0.0305 -2.2888 0.6714
1777025580.6834 0.0000 -2.1973 0.7629
1777025580.6947 0.3052 -2.1362 0.6409
1777025580.7071 0.0610 -2.3193 0.6409
1777025580.7185 -0.0916 -2.3193 0.8850
1777025580.7308 -0.0305 -2.1362 0.7324
1777025580.7435 0.2441 -2.3804 0.4578
1777025580.7549 -0.0610 -2.4109 0.7935
1777025580.7674 0.0000 -2.5024 0.8240
1777025580.7786 -0.2136 -2.1973 0.7629
1777025580.7913 0.2136 -2.2278 0.6714
1777025580.8027 -0.0305 -2.0447 0.8545
1777025580.8150 0.0610 -2.4414 0.8545
1777025580.8271 0.2136 -2.1973 0.7935
1777025580.8386 0.2441 -2.1973 0.7324
1777025580.8505 0.1526 -2.1362 0.6104
1777025580.8629 -0.0916 -2.1057 0.7629
1777025580.8752 0.0305 -2.0142 0.7935
1777025580.8868 0.1831 -2.2888 0.7019
1777025580.8993 0.0000 -2.2278 0.8545
1777025580.9106 0.0610 -2.2583 0.9155
1777025580.9228 0.1221 -2.3499 1.0376
1777025580.9353 -0.0610 -2.1667 0.7019
1777025580.9468 -0.1221 -2.5940 0.6409
1777025580.9591 -0.0916 -2.3193 0.7629
1777025580.9715 0.0610 -2.3193 0.7324
1777025580.9835 -0.1831 -2.3804 0.7019
1777025580.9951 -0.1221 -2.3499 0.7629
1777025581.0075 -0.1221 -2.1973 0.8240
1777025581.0193 0.2747 -2.4719 0.7324
1777025581.0308 0.3052 -2.2583 0.9766
1777025581.0433 -0.2441 -2.3804 0.7019
1777025581.0545 0.1526 -2.4719 0.5493
1777025581.0668 0.2136 -2.2278 0.8850
1777025581.0795 -0.0305 -2.1057 0.7019
1777025581.0911 0.0916 -2.1667 0.6714
1777025581.1035 0.1526 -2.2583 0.8850
1777025581.1150 0.3357 -2.1973 0.7019
1777025581.1274 0.1831 -2.4414 1.0071
1777025581.1387 0.1526 -2.3499 0.8850
1777025581.1513 0.0610 -2.3499 0.7629
1777025581.1635 0.3662 -2.0752 0.8240
1777025581.1749 -0.0305 -2.0752 0.9155
1777025581.1868 0.0916 -2.1667 0.6409
1777025581.1992 0.3662 -2.1667 0.8240
1777025581.2106 -0.0916 -1.9531 0.7935
1777025581.2227 0.2747 -2.3193 0.9460
1777025581.2352 0.1221 -2.1667 0.9460
1777025581.2465 -0.1526 -2.4719 0.7935
1777025581.2594 0.1221 -2.4719 0.9460
1777025581.2709 0.2136 -2.0752 0.6409
1777025581.2833 0.2747 -2.1667 0.7019
1777025581.2948 0.2136 -2.3499 0.7935
1777025581.3071 0.0916 -2.2278 0.9155
1777025581.3185 0.0305 -2.2888 0.9155
1777025581.3311 0.0000 -2.4109 0.9460
1777025581.3435 -0.0916 -2.4719 0.6714
1777025581.3549 0.0916 -2.2583 0.8545
1777025581.3674 0.2136 -2.1362 0.7629
1777025581.3786 0.0916 -2.2583 1.0071
1777025581.3913 0.2136 -2.2278 0.6409
1777025581.4026 0.0916 -2.0752 0.5798
1777025581.4150 0.0000 -2.3804 0.9460
1777025581.4275 0.0610 -2.2278 0.9460
1777025581.4388 0.0305 -2.2583 0.7629
1777025581.4515 0.0305 -2.5330 0.8545
1777025581.4629 0.1831 -2.1362 0.7019
1777025581.4752 0.1221 -2.3804 0.8850
1777025581.4867 -0.0305 -2.2583 0.7935
1777025581.4993 0.0000 -2.2888 0.8545
1777025581.5107 0.1526 -2.3804 0.6714
1777025581.5226 0.0610 -2.3804 0.6714
1777025581.5351 0.2136 -2.4719 0.7324
1777025581.5480 0.0305 -2.3499 1.0071
1777025581.5587 -0.0305 -2.2888 0.7324
1777025581.5710 0.1526 -2.5024 1.0376
1777025581.5835 0.1221 -2.2583 0.7629
1777025581.5951 0.0916 -2.1973 0.6409
1777025581.6068 -0.1831 -2.2583 0.7324
1777025581.6192 0.0305 -2.3804 0.7019
1777025581.6308 -0.0610 -2.4109 0.7324
1777025581.6431 -0.0916 -2.1667 0.6104
1777025581.6548 0.1221 -2.4414 0.7629
1777025581.6671 -0.1831 -2.4109 0.4883
1777025581.6796 0.0305 -2.0447 0.7324
1777025581.6912 0.0916 -2.1362 0.9460
1777025581.7035 0.0916 -2.1362 0.5493
1777025581.7149 0.1831 -2.3499 0.8545
1777025581.7274 0.0305 -2.0752 0.7019
1777025581.7392 0.0916 -2.1973 0.6714
1777025581.7512 -0.1831 -2.4414 0.7324
1777025581.7627 0.1526 -2.1362 0.6714
1777025581.7752 -0.1221 -2.1057 0.7019
1777025581.7869 0.1526 -2.3804 0.7324
1777025581.7990 0.0610 -2.4719 0.6714
1777025581.8109 0.0610 -2.3499 0.9460
1777025581.8227 0.1526 -2.2888 0.5798
1777025581.8355 -0.0916 -2.2888 0.8545
1777025581.8467 0.0916 -2.1057 0.8545
1777025581.8591 0.1221 -2.4719 0.8240
1777025581.8707 0.1831 -2.2278 0.7324
1777025581.8831 0.2136 -2.3193 0.5798
1777025581.8949 -0.0916 -2.4109 0.7935
1777025581.9075 0.0000 -2.1057 0.7019
1777025581.9195 0.0305 -2.3193 0.7935
1777025581.9315 0.2136 -2.2888 0.9460
1777025581.9432 0.2136 -2.1362 0.8850
1777025581.9553 0.1831 -2.3193 0.9155
1777025581.9668 0.1221 -2.3193 0.8545
1777025581.9792 0.2136 -2.2888 0.9460
1777025581.9914 0.2441 -2.3804 0.8240
1777025582.0028 -0.2441 -2.1667 0.7629
1777025582.0155 -0.1526 -2.3193 0.7629
1777025582.0276 0.0000 -2.1667 1.0376
1777025582.0394 0.0000 -2.1973 0.5493
1777025582.0516 0.2747 -2.1973 0.7019
1777025582.0632 0.0000 -2.2888 0.7324
1777025582.0748 -0.1831 -2.3193 0.8545
1777025582.0868 -0.0305 -2.3193 0.7629
1777025582.0993 0.1221 -2.3499 0.6104
1777025582.1108 0.0000 -2.2278 0.7629
1777025582.1236 -0.0916 -2.1667 0.7935
1777025582.1354 0.0305 -2.1362 1.0681
1777025582.1468 -0.0916 -2.3804 0.7629
1777025582.1597 0.1831 -2.2888 0.6409
1777025582.1714 0.1526 -2.1973 0.7935
1777025582.1834 0.1221 -2.3193 0.8240
1777025582.1951 -0.0305 -2.3804 0.7935
1777025582.2069 0.1526 -2.0752 0.7019
1777025582.2196 0.0916 -2.0447 0.8240
1777025582.2315 0.2136 -2.3804 0.6409
1777025582.2430 0.0916 -2.4414 0.9766
1777025582.2553 -0.0305 -2.2583 0.7629
1777025582.2670 0.1526 -2.3804 0.6714
1777025582.2800 0.1221 -2.4109 0.8545
1777025582.2909 -0.0305 -2.1362 0.7629
1777025582.3035 -0.0610 -2.3499 0.8850
1777025582.3154 0.1526 -2.3804 0.8240
1777025582.3271 -0.0305 -2.3804 0.9766
1777025582.3397 0.0000 -2.2278 0.8545
1777025582.3513 0.2136 -2.4719 0.7019
1777025582.3634 0.0610 -2.1362 0.9766
1777025582.3753 -0.0610 -2.4109 0.9460
1777025582.3875 0.0610 -2.3499 0.9766
1777025582.3999 0.1526 -2.0447 0.8240
1777025582.4115 0.0916 -2.3804 0.8850
1777025582.4229 0.0305 -2.1973 0.8850
1777025582.4353 0.0000 -2.2888 0.9155
1777025582.4483 -0.1526 -2.3499 0.7019
1777025582.4594 -0.0610 -2.3193 0.8240
1777025582.4714 0.1831 -2.3193 0.5493
1777025582.4836 0.0916 -2.3499 0.8240
1777025582.4954 0.1831 -2.5024 0.9460
1777025582.5078 0.0610 -2.2583 1.0071
1777025582.5198 -0.0916 -2.0447 0.6714
1777025582.5314 0.1221 -2.2278 0.9766
1777025582.5430 0.0305 -2.2583 0.8545
1777025582.5552 0.1526 -2.1362 0.7019
1777025582.5678 0.2441 -2.2278 0.8545
1777025582.5792 0.0610 -2.4109 0.9766
1777025582.5910 0.0916 -2.2888 0.6714
1777025582.6035 -0.0305 -2.4414 0.9155
1777025582.6150 0.0000 -2.3804 0.6409
1777025582.6271 0.0000 -2.2888 0.8545
1777025582.6397 0.1221 -2.5024 0.8545
1777025582.6517 0.2136 -2.2888 0.7935
1777025582.6630 0.2136 -2.1973 0.6714
1777025582.6754 0.2441 -2.1362 0.7935
1777025582.6877 0.0916 -2.1973 1.0986
1777025582.6994 0.1831 -2.0447 0.7324
1777025582.7109 0.2441 -2.1973 0.8850
1777025582.7239 0.2136 -2.2888 0.7629
1777025582.7353 0.2747 -2.4719 0.7019
1777025582.7477 0.2136 -2.3804 0.7629
1777025582.7596 -0.0610 -2.4109 0.7629
1777025582.7725 -0.0610 -2.2278 0.7935
1777025582.7853 0.0000 -2.4414 0.8545
1777025582.7954 -0.0305 -2.2888 0.6104
1777025582.8079 0.2136 -2.2278 0.7324
1777025582.8196 0.0000 -2.6550 0.6409
1777025582.8315 0.1831 -2.2888 0.7324
1777025582.8433 0.0000 -2.4414 0.8545
1777025582.8555 0.2136 -2.5330 0.7935
1777025582.8673 -0.0305 -2.1362 0.7324
1777025582.8789 -0.0916 -2.3804 0.8240
1777025582.8914 -0.0305 -2.3193 0.7019
1777025582.9029 0.0610 -2.2278 0.6104
1777025582.9162 -0.1221 -2.1057 0.8545
1777025582.9278 0.0305 -2.3193 1.0071
1777025582.9393 -0.0305 -1.9836 1.1597
1777025582.9517 0.1221 -2.1057 0.5493
1777025582.9630 0.0610 -2.3193 0.7324
1777025582.9756 0.0305 -2.3499 0.8545
1777025582.9870 0.1831 -2.2583 0.8240
1777025582.9995 0.0000 -2.3193 0.8240
1777025583.0120 0.1221 -2.2583 0.7019
1777025583.0231 -0.0916 -2.1667 1.0071
1777025583.0354 0.1221 -2.4109 0.9460
1777025583.0469 -0.0305 -2.3499 0.7324
1777025583.0594 -0.0305 -2.2583 0.8240
1777025583.0710 -0.0916 -2.1973 0.7019
1777025583.0835 0.1831 -2.1973 0.5798
1777025583.0954 0.0000 -2.3499 0.6409
1777025583.1079 0.0916 -2.2278 0.7629
1777025583.1195 -0.0305 -2.1667 0.9460
1777025583.1320 0.0610 -2.4109 0.7019
1777025583.1434 0.0000 -2.5024 0.7019
1777025583.1550 0.0305 -2.3193 0.9155
1777025583.1675 0.0305 -2.3193 0.7935
1777025583.1800 -0.1221 -2.2278 0.7935
1777025583.1917 -0.0610 -2.1362 0.7935
1777025583.2030 -0.1526 -2.2278 0.9460
1777025583.2155 0.0916 -2.2278 0.7019
1777025583.2280 0.1526 -2.2583 0.8240
1777025583.2392 0.2747 -2.1667 0.8850
1777025583.2512 -0.0916 -2.2278 1.0071
1777025583.2637 -0.2136 -2.2278 0.8240
1777025583.2750 -0.0916 -2.3804 0.7629
1777025583.2873 -0.0916 -2.6245 0.9766
1777025583.2994 0.0610 -2.3499 0.7629
1777025583.3124 -0.1831 -2.2888 0.9766
1777025583.3239 0.0916 -1.9531 0.8240
1777025583.3360 0.2136 -2.4109 0.8850
1777025583.3477 -0.0916 -2.1973 0.6714
1777025583.3596 0.0916 -2.1667 0.7324
1777025583.3713 -0.0916 -2.2278 0.6714
1777025583.3841 0.0000 -2.0447 0.8240
1777025583.3957 0.0305 -2.2583 0.7629
1777025583.4076 -0.1526 -2.1057 0.7935
1777025583.4199 -0.0916 -2.2278 0.9155
1777025583.4314 -0.1221 -2.4109 0.9460
1777025583.4440 0.1831 -2.3804 0.8850
1777025583.4567 0.2747 -2.5330 0.7019
1777025583.4686 -0.2441 -2.4719 0.4578
1777025583.4803 0.0916 -2.5330 0.8545
1777025583.4921 0.0916 -2.2888 0.6409
1777025583.5037 0.0916 -2.2583 1.0071
1777025583.5163 0.3357 -2.3804 0.6714
1777025583.5280 0.2747 -2.2888 0.8850
1777025583.5405 0.2747 -2.2583 0.8240
1777025583.5528 0.2441 -2.2888 0.7935
1777025583.5642 0.1221 -2.3193 0.7324
1777025583.5767 0.1831 -2.2888 0.6714
1777025583.5887 0.0916 -2.4414 0.9766
1777025583.6001 0.1221 -2.1057 0.7324
1777025583.6126 0.3662 -2.4109 0.7019
1777025583.6245 0.0000 -2.2888 0.4578
1777025583.6359 0.0610 -2.1667 0.7935
1777025583.6485 0.0610 -2.3804 1.1292
1777025583.6598 0.0610 -2.3499 0.8240
1777025583.6725 0.2747 -2.1667 0.7935
1777025583.6841 0.0916 -2.1973 0.8240
1777025583.6958 0.0305 -2.3193 0.9460
1777025583.7086 0.0305 -2.1973 0.7324
1777025583.7198 0.3967 -2.1667 0.8240
1777025583.7323 -0.0916 -2.3193 1.1292
1777025583.7438 0.0610 -2.3193 0.7935
1777025583.7566 0.1221 -2.2278 0.9460
1777025583.7681 0.0610 -2.4109 1.0071
1777025583.7806 -0.0305 -2.1057 0.9155
1777025583.7922 0.1526 -2.3804 0.7019
1777025583.8046 0.1831 -2.2278 0.6714
1777025583.8165 -0.0610 -2.4109 0.8545
1777025583.8286 0.0305 -2.2888 0.8850
1777025583.8401 0.3052 -2.3499 0.7629
1777025583.8527 0.0305 -2.4719 0.7324
1777025583.8642 0.1526 -2.1362 0.8240
1777025583.8766 0.2747 -2.2888 0.7935
1777025583.8884 0.0610 -2.4414 0.8240
1777025583.9008 -0.0305 -2.2278 0.5493
1777025583.9125 0.0305 -2.3499 0.9155
1777025583.9242 0.2441 -2.3804 0.5493
1777025583.9367 -0.0305 -2.1973 0.9460
1777025583.9485 0.1831 -2.3499 0.8545
1777025583.9601 0.1526 -2.2583 0.9460
1777025583.9726 0.0305 -1.9531 0.7629
1777025583.9838 -0.0305 -2.2583 0.7019
1777025583.9963 0.0000 -2.3193 0.6104
1777025584.0080 0.1831 -2.2888 0.8240
1777025584.0206 -0.0610 -2.2278 0.5188
1777025584.0321 0.1221 -2.2583 0.9155
1777025584.0440 0.1526 -2.0447 0.6409
1777025584.0559 0.0610 -2.2278 0.8240
1777025584.0683 0.0000 -2.4109 0.6714
1777025584.0802 0.0305 -2.3193 0.8850
1777025584.0927 0.0610 -2.3804 0.8850
1777025584.1044 0.0916 -2.3804 0.8850
1777025584.1159 0.0916 -2.4414 0.7629
1777025584.1286 0.0305 -1.9836 0.9155
1777025584.1400 0.0916 -2.0752 0.9155
1777025584.1526 0.2747 -2.4414 0.7935
1777025584.1641 0.2136 -2.2583 0.8850
1777025584.1766 0.1221 -2.2278 0.9155
1777025584.1883 0.0000 -2.3499 0.8240
1777025584.2008 0.1831 -2.1973 0.8240
1777025584.2125 0.1831 -2.2583 0.9460
1777025584.2242 0.2747 -2.2888 0.9155
1777025584.2366 0.0916 -2.3193 0.8545
1777025584.2485 0.1526 -2.3193 0.8240
1777025584.2602 -0.0916 -2.1973 0.6409
1777025584.2728 0.0305 -2.1057 0.7324
1777025584.2841 0.0000 -2.2888 0.8545
1777025584.2967 0.0305 -2.4109 0.8545
1777025584.3081 0.2441 -2.2583 0.9766
1777025584.3199 0.0305 -2.1362 0.7019
1777025584.3324 -0.1526 -2.3804 1.1292
1777025584.3440 0.0610 -2.4109 0.7324
1777025584.3568 0.0916 -2.2278 0.8545
1777025584.3684 -0.0305 -2.1667 0.8850
1777025584.3810 -0.0916 -2.1362 0.7019
1777025584.3928 -0.0916 -2.1362 0.7324
1777025584.4043 0.1526 -2.2888 0.7629
1777025584.4167 0.0916 -2.1667 0.7019
1777025584.4283 0.0000 -2.3499 0.7324
1777025584.4400 -0.2441 -2.3804 0.9460
1777025584.4519 -0.2136 -2.2278 0.8240
1777025584.4639 0.1831 -2.3804 0.9155
1777025584.4766 -0.1526 -2.1667 0.9155
1777025584.4887 0.0305 -2.3193 0.9155
1777025584.5001 0.2136 -2.1057 0.9766
1777025584.5128 0.1831 -2.4414 0.6714
1777025584.5245 -0.1221 -2.3499 0.9460
1777025584.5361 -0.0305 -2.4414 0.8240
1777025584.5486 0.0916 -2.4414 0.6714
1777025584.5601 0.0610 -2.2278 0.8850
1777025584.5726 0.0916 -2.4414 0.8240
1777025584.5840 0.1831 -2.3499 0.6409
1777025584.5966 0.0916 -2.2583 0.8240
1777025584.6084 -0.0610 -2.4109 0.8240
1777025584.6202 0.1831 -2.3193 0.7935
1777025584.6332 -0.0610 -2.2278 0.8545
1777025584.6446 0.1526 -2.2583 0.8850
1777025584.6567 0.0000 -2.2278 0.8850
1777025584.6689 -0.1221 -2.4109 0.7629
1777025584.6809 0.2747 -2.2583 0.7935
1777025584.6921 0.0305 -2.2583 0.5798
1777025584.7040 0.0916 -2.1973 0.8545
1777025584.7167 0.0610 -2.3193 0.8240
1777025584.7289 0.0916 -2.0752 1.0376
1777025584.7405 0.2136 -2.4109 0.6409
1777025584.7529 0.1831 -1.9226 0.6714
1777025584.7641 0.0305 -2.3804 0.7019
1777025584.7760 -0.0305 -2.1973 0.7629
1777025584.7888 0.0916 -1.9531 0.7935
1777025584.8001 -0.2136 -2.2278 0.9460
1777025584.8127 0.2747 -2.0752 0.8240
1777025584.8247 0.2747 -2.3499 0.9155
1777025584.8365 -0.0916 -2.1973 0.9766
1777025584.8486 0.1526 -2.3193 0.6104
1777025584.8603 0.2441 -2.2278 0.8850
1777025584.8728 0.0610 -2.2888 0.7629
1777025584.8845 -0.0305 -2.4719 0.8240
1777025584.8966 0.0000 -2.4414 0.8240
1777025584.9082 0.1526 -2.2583 0.4272
1777025584.9201 0.1526 -2.2583 0.7019
1777025584.9326 -0.0916 -2.3193 0.8545
1777025584.9443 0.0610 -2.0752 0.4883
1777025584.9570 0.0916 -2.3193 0.9460
1777025584.9686 -0.0916 -2.1362 0.7935
1777025584.9804 0.0000 -2.4414 0.8240
1777025584.9925 0.2441 -2.5940 0.8850
1777025585.0041 0.0305 -2.3193 0.9460
1777025585.0164 -0.1526 -2.1362 0.8240
1777025585.0290 0.2136 -2.1667 1.0986
1777025585.0406 0.1526 -2.2583 0.5493
1777025585.0528 0.0916 -2.4414 0.6714
1777025585.0644 0.1526 -2.1667 0.7935
1777025585.0763 -0.0916 -2.1362 0.6104
1777025585.0880 0.0000 -2.5635 0.7019
1777025585.1009 0.2441 -2.1667 0.8545
1777025585.1127 -0.0305 -2.2583 0.7629
1777025585.1243 -0.1526 -2.3804 0.7019
1777025585.1371 0.0000 -2.3193 0.7019
1777025585.1486 0.0610 -2.0752 0.9155
1777025585.1606 -0.0305 -2.1362 0.9460
1777025585.1729 -0.0916 -2.3193 0.7935
1777025585.1850 0.1526 -2.2888 0.7324
1777025585.1964 0.0305 -2.2888 0.7019
1777025585.2082 0.0000 -2.4414 0.7324
1777025585.2207 0.2441 -2.2888 0.6714
1777025585.2322 0.2747 -2.2583 0.9155
1777025585.2449 0.2441 -2.4414 0.6714
1777025585.2565 -0.0305 -2.2888 0.7324
1777025585.2690 -0.0610 -2.2583 0.7019
1777025585.2807 0.2136 -2.2583 0.8545
1777025585.2928 -0.0916 -2.3804 0.8545
1777025585.3050 -0.0916 -2.1667 0.8850
1777025585.3161 0.1221 -2.3804 1.0681
1777025585.3290 0.1221 -2.4109 0.8850
1777025585.3404 -0.0305 -2.4414 0.9766
1777025585.3530 0.2747 -2.2278 1.0071
1777025585.3644 0.1831 -2.2583 0.7935
1777025585.3770 -0.0916 -2.4414 0.6104
1777025585.3885 -0.1831 -2.2583 0.6409
1777025585.4010 0.2747 -2.2888 0.7019
1777025585.4129 0.2441 -2.2583 0.7324
1777025585.4246 -0.0305 -2.4719 0.7324
1777025585.4362 0.2136 -2.3804 0.6104
1777025585.4495 0.2136 -2.3193 0.8850
1777025585.4602 0.0610 -2.2888 0.6714
1777025585.4734 0.2441 -2.3499 0.7935
1777025585.4853 0.2136 -2.4414 0.8850
1777025585.4971 0.2136 -2.1057 0.7019
1777025585.5085 0.1526 -2.3804 0.7629
1777025585.5202 -0.1221 -2.5330 0.8850
1777025585.5329 -0.0305 -2.3499 0.8545
1777025585.5451 0.1831 -2.1973 0.8850
1777025585.5571 -0.0610 -2.1973 0.6409
1777025585.5688 -0.0610 -2.0142 0.8545
1777025585.5807 0.1221 -2.2278 0.7935
1777025585.5923 0.3357 -2.3499 0.8545
1777025585.6051 0.0610 -2.2888 0.7629
1777025585.6169 0.1526 -2.3804 0.7935
1777025585.6285 0.0916 -2.3193 0.6104
1777025585.6412 0.0000 -2.2278 0.9155
1777025585.6524 0.0916 -2.3804 0.8240
1777025585.6651 0.0000 -2.2278 0.8545
1777025585.6771 -0.0305 -2.2888 0.9460
1777025585.6890 0.1526 -2.2278 0.9460
1777025585.7007 -0.1526 -2.1362 0.4883
1777025585.7126 0.1221 -2.3804 0.7935
1777025585.7243 0.2441 -2.1667 0.8850
1777025585.7371 0.0000 -2.1667 0.7019
1777025585.7486 -0.0305 -2.1667 0.7324
1777025585.7609 -0.0305 -2.4719 0.8240
1777025585.7724 -0.1526 -2.3499 0.7935
1777025585.7843 -0.0305 -2.3804 0.8545
1777025585.7971 0.1526 -2.1667 0.9766
1777025585.8086 0.0000 -2.1667 0.9155
1777025585.8206 -0.0305 -2.3804 0.8240
1777025585.8331 0.0610 -2.5330 0.7935
1777025585.8446 0.1831 -2.2278 0.9460
1777025585.8564 -0.0305 -2.3499 0.9460
1777025585.8691 0.0305 -2.1667 0.5798
1777025585.8807 0.1526 -2.2583 0.8850
1777025585.8927 0.0305 -2.2583 0.5798
1777025585.9043 -0.1221 -2.2278 0.7629
1777025585.9165 0.1221 -2.1362 0.7324
1777025585.9291 0.0000 -2.1973 0.7324
1777025585.9408 -0.0305 -2.2888 0.8545
1777025585.9523 0.0000 -2.4109 0.9155
1777025585.9648 0.0610 -2.3499 0.6409
1777025585.9765 -0.0916 -2.4109 0.8545
1777025585.9889 0.0916 -2.4109 0.9766
1777025586.0006 0.0305 -2.1973 0.9460
1777025586.0128 0.2136 -2.3499 0.5798
1777025586.0254 0.1221 -2.3499 0.9155
1777025586.0369 -0.1221 -2.2278 0.9155
1777025586.0489 0.1831 -2.1667 0.9155
1777025586.0605 0.2136 -2.5330 0.8850
1777025586.0728 0.2747 -2.2583 0.7324
1777025586.0846 -0.0305 -2.4414 0.9460
1777025586.0971 0.0916 -2.3499 0.8545
1777025586.1085 0.1831 -2.1057 0.8240
1777025586.1210 0.0305 -2.3193 0.9155
1777025586.1327 -0.1221 -2.1057 0.9460
1777025586.1442 0.0305 -2.0142 0.8850
1777025586.1571 0.0916 -2.2583 0.7935
1777025586.1688 0.2136 -2.0752 0.8545
1777025586.1812 0.0000 -2.3804 0.6714
1777025586.1927 -0.0610 -2.2583 0.8240
1777025586.2043 0.1221 -2.2278 0.7019
1777025586.2164 0.0916 -2.4719 0.6409
1777025586.2289 -0.0305 -2.2888 0.7629
1777025586.2404 0.0916 -2.1362 0.7324
1777025586.2531 0.0305 -2.3804 0.8545
1777025586.2647 0.2136 -2.4109 1.0376
1777025586.2772 0.1221 -2.3499 0.6714
1777025586.2890 -0.1221 -2.2583 0.7629
1777025586.3010 0.0916 -2.1973 0.8545
1777025586.3131 0.2136 -2.5330 0.7935
1777025586.3245 -0.1221 -2.1362 0.8850
1777025586.3371 0.3357 -2.4109 0.8240
1777025586.3483 0.1831 -2.5330 0.6714
1777025586.3607 0.2136 -2.1973 0.9460
1777025586.3732 0.0916 -2.4109 0.7019
1777025586.3852 0.0305 -2.2888 0.8240
1777025586.3968 0.0916 -2.2278 0.8850
1777025586.4084 -0.1526 -2.3804 0.8240
1777025586.4210 0.0000 -2.1973 0.8545
1777025586.4327 -0.0916 -2.1973 0.8850
1777025586.4466 0.1526 -2.1362 0.8850
1777025586.4571 -0.1831 -2.3499 0.7935
1777025586.4685 -0.0916 -2.1667 1.0071
1777025586.4819 -0.0610 -2.6855 0.7629
1777025586.4926 0.1831 -2.1667 0.7324
1777025586.5047 0.0000 -2.1362 0.7629
1777025586.5174 0.1526 -2.5024 0.8850
1777025586.5289 0.1831 -2.4414 0.6409
1777025586.5405 0.0916 -2.3193 0.8545
1777025586.5529 -0.1526 -2.0752 0.7629
1777025586.5645 -0.0610 -2.0752 0.6714
1777025586.5772 -0.0610 -2.2583 0.9766
1777025586.5890 -0.0610 -2.2583 0.8850
1777025586.6007 0.1831 -2.4414 0.8850
1777025586.6133 0.0610 -2.1362 0.7629
1777025586.6248 -0.0610 -2.3499 0.8850
1777025586.6373 0.1526 -2.2583 0.7629
1777025586.6499 -0.0916 -2.4414 0.5188
1777025586.6615 0.1526 -2.0447 0.7935
1777025586.6734 0.0916 -2.3193 0.8850
1777025586.6848 -0.0305 -2.4109 0.8850
1777025586.6967 0.0000 -2.3499 0.9155
1777025586.7093 0.1221 -2.5330 0.8545
1777025586.7209 0.1221 -2.2278 0.7019
1777025586.7324 0.1221 -2.2583 0.7935
1777025586.7452 0.0000 -2.3804 0.8240
1777025586.7569 -0.3052 -2.2583 1.0376
1777025586.7686 -0.1221 -2.1667 1.0071
1777025586.7810 0.0000 -2.1362 0.3967
1777025586.7928 0.0305 -2.2278 1.0071
1777025586.8052 0.0916 -2.3499 0.9460
1777025586.8168 0.0610 -2.3193 0.8850
1777025586.8293 0.1221 -2.2888 0.8240
1777025586.8408 -0.1221 -2.3499 0.7629
1777025586.8524 -0.0305 -2.4719 0.7629
1777025586.8653 -0.1221 -2.2888 0.8850
1777025586.8771 0.0000 -2.2583 0.7629
1777025586.8894 0.2136 -2.2583 0.6409
1777025586.9008 -0.1221 -2.2278 0.9766
1777025586.9133 0.3357 -2.2278 0.9460
1777025586.9248 0.0916 -2.2888 0.8545
1777025586.9374 0.0305 -2.2278 1.0376
1777025586.9487 0.2441 -2.2583 0.6714
1777025586.9607 -0.0305 -2.1362 0.7935
1777025586.9726 0.1221 -2.0447 0.9155
1777025586.9854 -0.0305 -2.2278 0.7935
1777025586.9969 0.1526 -2.0752 0.9460
1777025587.0094 0.2747 -2.1667 0.6409
1777025587.0209 0.1221 -2.2888 0.6409
1777025587.0326 0.0610 -2.1667 0.7629
1777025587.0451 0.0610 -2.0447 0.6409
1777025587.0567 -0.0610 -2.1973 0.7019
1777025587.0691 0.2136 -2.2583 0.7629
1777025587.0807 0.1526 -2.2278 0.7019
1777025587.0934 0.2441 -2.1973 0.7019
1777025587.1049 0.0916 -2.1973 0.6714
1777025587.1165 0.1221 -2.4414 1.1292
1777025587.1291 0.3357 -2.1362 0.8240
1777025587.1414 0.1831 -2.1973 0.6104
1777025587.1535 0.0305 -2.3804 1.0681
1777025587.1651 0.0916 -2.2278 0.5493
1777025587.1766 -0.0610 -2.3804 0.8545
1777025587.1888 0.1526 -2.1667 0.9155
1777025587.2014 0.1526 -2.3804 0.8850
1777025587.2130 0.0000 -2.3499 0.7324
1777025587.2249 -0.1221 -2.1667 0.7324
1777025587.2375 0.0610 -2.2278 0.7935
1777025587.2489 0.1526 -2.3499 0.7629
1777025587.2608 -0.0610 -2.1667 0.6409
1777025587.2732 0.0916 -2.1973 0.7019
1777025587.2848 0.2441 -2.2278 0.7324
1777025587.2979 0.0000 -2.1973 0.7019
1777025587.3085 0.0000 -2.3804 0.9155
1777025587.3213 -0.0305 -2.1667 0.9766
1777025587.3326 0.1221 -2.1973 0.5798
1777025587.3451 0.1831 -2.0447 0.7935
1777025587.3566 0.0916 -2.2583 0.7935
1777025587.3690 -0.0305 -2.0142 0.8240
1777025587.3816 0.0916 -2.3499 1.0071
1777025587.3925 -0.1221 -2.3804 0.8850
1777025587.4048 0.0610 -2.3499 0.9155
1777025587.4174 0.1526 -2.2278 0.5493
1777025587.4289 0.0305 -2.4414 1.0681
1777025587.4413 0.2747 -2.0447 0.9766
1777025587.4531 0.1831 -2.3804 0.8850
1777025587.4651 0.0000 -2.1973 0.7935
1777025587.4768 0.0610 -2.5024 0.8240
1777025587.4886 0.0305 -2.3499 0.7019
1777025587.5006 0.0000 -2.4109 0.7324
1777025587.5133 -0.0305 -2.1973 0.8850
1777025587.5246 0.1831 -2.0752 0.8850
1777025587.5365 -0.0610 -2.2888 0.6104
1777025587.5486 0.0610 -2.3193 0.8850
1777025587.5605 0.0610 -2.3804 0.7629
1777025587.5732 0.1526 -2.2583 0.8850
1777025587.5848 -0.0610 -2.1057 0.8850
1777025587.5974 0.0610 -2.3499 0.8850
1777025587.6089 0.0305 -2.2583 0.7324
1777025587.6216 -0.0305 -2.3499 0.6714
1777025587.6333 0.1831 -2.4109 0.6104
1777025587.6459 0.0305 -2.4414 0.6409
1777025587.6574 0.1221 -2.0447 0.7629
1777025587.6687 0.0916 -2.4414 0.7935
1777025587.6820 -0.1526 -2.3499 0.8240
1777025587.6935 0.0000 -2.2583 0.8545
1777025587.7049 0.1221 -2.4109 0.9155
1777025587.7176 -0.0305 -2.4109 0.8850
1777025587.7292 -0.1221 -2.4414 0.9460
1777025587.7415 0.1831 -2.2583 0.7629
1777025587.7533 0.0916 -2.2278 0.7935
1777025587.7650 0.1221 -2.2278 0.6409
1777025587.7767 -0.0916 -2.1973 0.7324
1777025587.7886 0.1221 -2.2583 0.8240
1777025587.8014 0.0916 -2.1973 0.8850
1777025587.8132 0.0000 -2.2278 0.8545
1777025587.8250 0.1831 -2.2583 0.8240
1777025587.8374 0.1221 -2.0447 0.7019
1777025587.8488 0.0916 -2.1362 0.8850
1777025587.8611 0.0000 -2.2583 0.9460
1777025587.8736 0.1526 -2.0447 0.7935
1777025587.8856 -0.0916 -2.3499 0.7935
1777025587.8970 0.0305 -2.4414 0.7629
1777025587.9096 -0.2136 -2.1362 0.6714
1777025587.9210 0.1221 -2.2278 0.8545
1777025587.9333 0.1526 -2.5940 0.8545
1777025587.9452 0.2136 -2.2278 0.7935
1777025587.9575 0.0305 -2.3193 0.8850
1777025587.9692 0.2441 -2.3193 0.8545
1777025587.9815 0.0000 -2.2583 0.9460
1777025587.9929 -0.0305 -2.2888 0.6104
1777025588.0053 0.1526 -2.3804 0.7935
1777025588.0173 -0.1526 -2.3193 0.7019
1777025588.0288 -0.1831 -2.2583 0.7629
1777025588.0413 0.3662 -2.4109 0.9766
1777025588.0527 -0.3052 -2.2278 0.8240
1777025588.0652 0.0000 -2.2278 0.7629
1777025588.0771 -0.0610 -2.2888 0.8240
1777025588.0891 0.2441 -2.2583 0.6714
1777025588.1007 0.1831 -2.2278 0.8850
1777025588.1134 -0.0610 -2.4109 0.9155
1777025588.1246 -0.0610 -2.4109 1.0071
1777025588.1371 0.1831 -2.1973 0.6409
1777025588.1489 -0.0305 -2.5635 0.7629
1777025588.1614 0.0000 -2.4109 0.8545
1777025588.1727 0.1831 -2.2278 0.6714
1777025588.1856 -0.0305 -2.3804 1.0071
1777025588.1970 -0.0305 -2.4414 0.6409
1777025588.2096 0.1221 -2.3499 0.6714
1777025588.2215 0.2441 -2.2888 0.7019
1777025588.2332 0.0305 -2.1973 0.7935
1777025588.2451 0.0916 -2.2278 0.6714
1777025588.2569 0.1221 -2.2278 0.7324
1777025588.2687 0.1221 -2.1973 0.7935
1777025588.2812 0.0916 -2.3499 0.7935
1777025588.2928 -0.0305 -2.2583 0.9155
1777025588.3055 0.2136 -2.4414 0.6409
1777025588.3167 0.1221 -2.4414 0.7629
1777025588.3288 0.1221 -2.1973 0.7629
1777025588.3417 0.1526 -2.3499 0.8545
1777025588.3536 0.2136 -2.2583 0.8240
1777025588.3651 0.2747 -2.1973 0.8850
1777025588.3767 0.0000 -2.0142 0.9155
1777025588.3899 0.1221 -2.2888 0.8240
1777025588.4017 -0.0305 -2.3193 0.7324
1777025588.4131 -0.0610 -2.2583 0.6104
1777025588.4249 0.3052 -2.1973 0.5188
1777025588.4376 0.2136 -2.2278 0.4883
1777025588.4491 0.0000 -2.1362 0.9155
1777025588.4611 0.1526 -2.1973 0.8545
1777025588.4731 0.1831 -2.4414 0.8240
1777025588.4852 0.0610 -2.2583 0.8240
1777025588.4970 0.1221 -2.1973 0.7019
1777025588.5096 0.3052 -2.2583 0.7629
1777025588.5214 0.1221 -2.2583 0.9766
1777025588.5330 -0.0610 -2.1362 0.7629
1777025588.5452 -0.1221 -2.2583 0.7324
1777025588.5575 0.2747 -2.1667 0.7935
1777025588.5691 0.1526 -2.1362 0.8850
1777025588.5822 0.3357 -1.9226 0.8545
1777025588.5930 -0.1221 -2.2278 0.8545
1777025588.6056 0.1526 -2.1973 0.8545
1777025588.6175 0.3357 -2.3499 0.7019
1777025588.6298 -0.1526 -2.2278 0.6104
1777025588.6417 0.2441 -2.4414 0.8545
1777025588.6534 0.0916 -2.1973 0.7935
1777025588.6655 0.0610 -2.1057 0.6409
1777025588.6771 0.0305 -2.3193 0.6409
1777025588.6893 -0.1221 -2.1973 0.9766
1777025588.7008 0.0916 -2.0752 0.9766
1777025588.7134 0.0916 -2.2888 0.9155
1777025588.7256 -0.0610 -2.1667 0.6104
1777025588.7369 0.2441 -2.2583 1.0376
1777025588.7498 -0.1221 -2.2888 0.7019
1777025588.7614 0.0305 -2.2278 0.7324
1777025588.7728 0.0916 -2.4109 0.7935
1777025588.7850 -0.0305 -2.1973 0.6714
1777025588.7977 0.0916 -2.0447 1.0071
1777025588.8088 0.0000 -2.2583 0.5188
1777025588.8219 0.3052 -2.2888 0.8850
1777025588.8329 0.0305 -2.1362 0.7935
1777025588.8454 0.0305 -2.1973 0.7019
1777025588.8569 -0.0610 -2.3193 0.9460
1777025588.8693 -0.2136 -2.3499 0.8545
1777025588.8813 0.0610 -2.4109 0.9460
1777025588.8932 -0.3052 -2.2278 0.8545
1777025588.9051 -0.0305 -2.2278 0.6714
1777025588.9179 0.2441 -2.1667 0.9766
1777025588.9291 -0.0305 -2.2888 0.4883
1777025588.9411 -0.1221 -2.3804 1.0986
1777025588.9533 0.2136 -2.1362 0.9460
1777025588.9657 0.0305 -2.2583 0.8850
1777025588.9771 0.0305 -2.1973 0.7019
1777025588.9896 0.0305 -2.2278 0.9155
1777025589.0011 0.0305 -2.3804 0.9460
1777025589.0131 0.1526 -2.2583 0.7019
1777025589.0256 -0.0610 -2.1973 0.8240
1777025589.0369 -0.2136 -2.0142 0.5188
1777025589.0489 0.0305 -2.5024 0.8850
1777025589.0616 0.0610 -2.3193 0.9155
1777025589.0732 -0.0305 -2.4109 0.9766
1777025589.0859 0.1831 -2.2278 0.7935
1777025589.0973 -0.1526 -2.2583 0.7019
1777025589.1098 -0.1526 -2.3499 1.1292
1777025589.1212 0.0305 -2.0752 0.7019
1777025589.1335 0.2747 -2.3193 0.8240
1777025589.1454 0.0916 -2.3499 0.7629
1777025589.1578 0.0305 -2.2888 0.7935
1777025589.1691 0.0305 -2.3193 0.8850
1777025589.1813 0.1526 -2.1667 1.0071
1777025589.1929 0.1526 -2.3804 0.6409
1777025589.2053 0.1526 -2.2278 0.9460
1777025589.2169 0.0000 -2.2583 0.6104
1777025589.2293 0.2136 -2.4109 0.7629
1777025589.2412 0.1526 -2.1973 0.8545
1777025589.2533 -0.0916 -2.3499 0.8240
1777025589.2659 0.0916 -2.0447 0.6409
1777025589.2771 0.1526 -2.2278 0.9155
1777025589.2892 -0.0610 -2.4719 0.7935
1777025589.3010 -0.0610 -2.2278 0.7019
1777025589.3135 0.2747 -2.3193 0.7629
1777025589.3249 0.1221 -2.3499 0.7935
1777025589.3374 0.1526 -2.3499 0.9155
1777025589.3499 0.1526 -2.3804 0.6409
1777025589.3613 0.2441 -2.3804 0.9766
1777025589.3736 0.0610 -2.4109 0.8240
1777025589.3858 0.2136 -2.3804 0.9460
1777025589.3970 0.0000 -2.0752 0.6714
1777025589.4090 0.2136 -2.1973 0.8850
1777025589.4213 0.0916 -2.2888 0.7019
1777025589.4338 0.0000 -2.4414 0.9155
1777025589.4454 0.0610 -2.2583 0.9766
1777025589.4579 0.0305 -2.2583 0.7324
1777025589.4693 0.2747 -2.3193 0.7935
1777025589.4813 0.0610 -2.2278 0.9155
1777025589.4938 0.1526 -2.2888 0.7935
1777025589.5052 -0.1221 -2.3193 0.9460
1777025589.5178 -0.1526 -2.2888 0.6714
1777025589.5291 0.1526 -2.3499 0.6409
1777025589.5419 0.1221 -2.2278 0.8240
1777025589.5535 -0.0305 -2.2888 0.9766
1777025589.5649 0.2441 -2.1973 0.7629
1777025589.5782 0.0000 -2.4414 0.7935
1777025589.5895 0.0610 -2.2888 0.8850
1777025589.6009 0.0610 -2.4719 0.8240
1777025589.6133 0.0000 -2.1973 0.7629
1777025589.6258 -0.0305 -2.4414 0.7629
1777025589.6374 0.0305 -2.2278 0.6104
1777025589.6498 -0.0610 -2.2888 0.7629
1777025589.6611 0.0610 -2.2583 0.9460
1777025589.6735 0.1831 -2.4414 0.8545
1777025589.6850 0.0610 -2.1667 0.8545
1777025589.6979 -0.1831 -2.3193 0.7019
1777025589.7094 0.2136 -2.2278 0.8240
1777025589.7211 -0.0610 -2.4109 0.6714
1777025589.7334 0.0916 -2.3193 0.9460
1777025589.7455 0.1831 -2.1667 0.7629
1777025589.7581 0.0000 -2.1667 0.7019
1777025589.7704 0.1221 -2.1973 0.7629
1777025589.7819 0.1221 -2.0752 0.7629
1777025589.7938 0.0916 -2.3499 0.7019
1777025589.8065 -0.1221 -2.2583 0.7935
1777025589.8187 0.1526 -2.1973 0.7324
1777025589.8300 0.1526 -2.1057 1.0376
1777025589.8424 0.2136 -2.1973 0.9766
1777025589.8547 0.1221 -2.3499 0.8240
1777025589.8661 -0.0305 -2.1973 0.9766
1777025589.8786 0.0610 -2.2278 0.7935
1777025589.8903 0.2441 -2.2583 0.7324
1777025589.9027 0.1526 -2.2583 0.7019
1777025589.9147 0.2136 -2.1667 0.8545
1777025589.9265 0.1221 -2.0447 0.8545
1777025589.9387 -0.0610 -2.1057 0.5798
1777025589.9520 -0.0610 -2.2888 0.7629
1777025589.9625 0.2441 -2.2888 0.7324
1777025589.9742 0.2441 -2.0142 0.9155
1777025589.9859 0.1526 -2.5024 0.7019
1777025589.9986 0.0000 -2.2278 0.8545
1777025590.0101 0.3357 -2.2278 0.7935
1777025590.0245 0.2441 -2.2888 0.7019
1777025590.0349 0.0305 -2.5330 0.9155
1777025590.0464 0.0916 -2.1667 0.6409
1777025590.0581 0.0916 -2.0447 0.6409
1777025590.0698 0.1831 -2.3804 0.7324
1777025590.0826 0.3357 -2.3499 0.7629
1777025590.0942 0.1221 -2.1667 0.8240
1777025590.1067 -0.0610 -2.3193 0.8545
1777025590.1178 0.0305 -2.3499 0.8545
1777025590.1303 0.0916 -2.1973 0.9155
1777025590.1419 0.1831 -2.3499 0.7629
1777025590.1540 -0.1221 -2.2278 1.0986
1777025590.1666 -0.0305 -2.2583 0.7935
1777025590.1783 0.3052 -2.4109 0.7935
1777025590.1905 0.2136 -2.3499 0.8240
1777025590.2024 -0.0305 -2.3193 0.9766
1777025590.2145 -0.0305 -2.1667 0.7019
1777025590.2262 0.1831 -2.5024 0.6104
1777025590.2386 -0.0610 -2.1057 0.9155
1777025590.2501 -0.0610 -2.3499 0.7935
1777025590.2619 -0.0610 -2.2583 0.7019
1777025590.2745 -0.2136 -2.1667 0.7324
1777025590.2863 0.2441 -1.9836 0.6714
1777025590.2988 -0.0916 -2.3193 0.8850
1777025590.3102 0.0916 -2.1362 0.9460
1777025590.3219 -0.1831 -4.3335 1.3733
1777025590.3341 0.5188 -4.3030 1.4038
1777025590.3466 0.8545 -1.0071 0.2441
