% Heartbeat logfile
% 1 	Time (sec)
% 2 	Robot name index
% 3 	Version
% 4 	State (0 = control is external to Teensy)
% 5 	Battery voltage (V)
% 6 	Teensy load (%)
% 7 	Board supply current (A)
% 8 	Used battery capacity (Wh) (never reset properly)
% 9 	Shutdown request.
% 10 	CPU temperature (Raspberry).
0.0000 0 0 0 0.00 0.0 0.00 0.000 0 64.3
0.0000 0 0 0 0.00 0.0 0.00 0.000 0 64.3
1777025564.7565 105 1033 4 11.37 8.9 0.63 0.000 0 64.3
1777025565.2559 105 1033 4 11.37 9.2 0.62 0.001 0 64.3
1777025565.7558 105 1033 4 11.37 8.9 0.62 0.002 0 64.3
1777025566.2566 105 1033 4 11.38 8.9 0.57 0.003 0 64.3
1777025566.7560 105 1033 4 11.37 8.9 0.57 0.004 0 64.3
1777025567.2566 105 1033 4 11.38 9.2 0.59 0.005 0 64.3
1777025567.7562 105 1033 4 11.37 8.9 0.69 0.006 0 64.3
1777025568.2556 105 1033 4 11.36 8.9 0.60 0.007 0 64.3
1777025568.7555 105 1033 4 11.37 8.9 0.65 0.008 0 64.3
1777025569.2562 105 1033 4 11.39 9.2 0.62 0.009 0 64.3
1777025569.7559 105 1033 4 11.40 8.9 0.62 0.010 0 64.3
1777025570.2563 105 1033 4 11.37 8.9 0.63 0.011 0 64.3
1777025570.7558 105 1033 4 11.39 8.9 0.63 0.012 0 64.3
1777025571.2561 105 1033 4 11.36 9.1 0.61 0.013 0 64.3
1777025571.7559 105 1033 4 11.37 8.9 0.70 0.014 0 64.3
1777025572.2561 105 1033 4 11.36 8.9 0.69 0.015 0 64.3
1777025572.2561 105 1033 4 11.36 8.9 0.69 0.015 0 66.2
1777025572.7559 105 1033 4 11.37 8.9 0.70 0.016 0 66.2
1777025573.2563 105 1033 4 11.36 9.2 0.73 0.017 0 66.2
1777025573.7565 105 1033 4 11.38 9.0 0.62 0.018 0 66.2
1777025574.2558 105 1033 4 11.38 8.9 0.66 0.019 0 66.2
1777025574.7557 105 1033 4 11.38 8.9 0.64 0.020 0 66.2
1777025575.2564 105 1033 4 11.38 9.1 0.61 0.021 0 66.2
1777025575.7556 105 1033 4 11.36 8.9 0.78 0.022 0 66.2
1777025576.2557 105 1033 4 11.36 8.9 0.76 0.024 0 66.2
1777025576.7558 105 1033 4 11.38 8.9 0.66 0.025 0 66.2
1777025577.2566 105 1033 4 11.38 35.3 0.62 0.026 0 66.2
1777025577.7566 105 1033 4 11.38 8.9 0.57 0.027 0 66.2
1777025578.2562 105 1033 4 11.37 9.0 0.66 0.028 0 66.2
1777025578.7561 105 1033 4 11.36 8.9 0.58 0.028 0 66.2
1777025579.2562 105 1033 4 11.38 9.2 0.58 0.029 0 66.2
1777025579.7558 105 1033 4 11.38 8.9 0.59 0.030 0 66.2
1777025580.2561 105 1033 4 11.38 8.9 0.58 0.031 0 66.2
1777025580.7561 105 1033 4 11.38 8.9 0.60 0.032 0 66.2
1777025581.2560 105 1033 4 11.38 9.2 0.59 0.033 0 66.2
1777025581.7558 105 1033 4 11.37 8.9 0.66 0.034 0 66.2
1777025582.2565 105 1033 4 11.37 8.9 0.66 0.035 0 66.2
1777025582.7567 105 1033 4 11.35 8.9 0.68 0.036 0 66.2
1777025583.2558 105 1033 4 11.37 9.1 0.61 0.037 0 66.2
1777025583.7565 105 1033 4 11.37 8.9 0.63 0.038 0 66.2
1777025584.2557 105 1033 4 11.37 8.9 0.64 0.039 0 66.2
1777025584.7558 105 1033 4 11.37 9.0 0.69 0.040 0 66.2
1777025585.2564 105 1033 4 11.37 9.2 0.63 0.041 0 66.2
1777025585.7561 105 1033 4 11.37 8.9 0.65 0.042 0 66.2
1777025586.2566 105 1033 4 11.37 8.9 0.63 0.043 0 66.2
1777025586.7567 105 1033 4 11.38 8.9 0.65 0.044 0 66.2
1777025587.2572 105 1033 4 11.37 9.1 0.61 0.045 0 66.2
1777025587.7558 105 1033 4 11.38 8.9 0.66 0.046 0 66.2
1777025588.2567 105 1033 4 11.37 8.9 0.63 0.047 0 66.2
1777025588.7557 105 1033 4 11.37 8.9 0.69 0.048 0 66.2
1777025589.2558 105 1033 4 11.37 9.2 0.62 0.049 0 66.2
1777025589.7559 105 1033 4 11.39 9.0 0.57 0.050 0 66.2
1777025590.2565 105 1033 4 11.37 8.9 0.63 0.051 0 66.2
