% logfile for Python side
% 1 time (sec)
% 2 Mission state
% 3,4,5 (x,y,h) (m,m,rad)
% 6 Camera frame count
% 7-9 Line sensor: line position, e*kp, control y (rad/s), validCnt
%     Line sensor PID: Kp=0.75, Ki=0.2, Kd=0.08
% 10,11 trip A (distance and heading change)
% 12,13 trip B (distance and heading change)
% 1777544933.5918865 robobot/cmd/ti alive 2026-04-30 12:28:52.696675
% 1777544933.5921626 robobot/cmd/ti log 1
1777544933.635081 0 0.306 -0.032 -0.310 0 0.00 0.00 0.000 0.000 0 0.000 -0.310 0.0000 -0.3099
1777544933.6801877 0 0.306 -0.032 -0.310 0 0.00 0.00 0.000 0.000 0 0.000 -0.310 0.0000 -0.3099
1777544933.6809268 0 0.306 -0.032 -0.310 0 0.00 0.00 0.000 0.000 0 0.000 -0.310 0.0000 -0.3099
1777544933.7316847 0 0.306 -0.032 -0.310 0 0.00 0.00 0.000 0.000 0 0.000 -0.310 0.0000 -0.3099
1777544933.7807553 0 0.306 -0.032 -0.310 0 0.00 0.00 0.000 0.000 0 0.000 -0.310 0.0000 -0.3099
1777544933.78209 0 0.306 -0.032 -0.310 0 0.00 0.00 0.000 0.000 0 0.000 -0.310 0.0000 -0.3099
1777544933.831899 0 0.306 -0.032 -0.310 0 0.00 0.00 0.000 0.000 0 0.000 -0.310 0.0000 -0.3099
1777544933.8862677 0 0.306 -0.032 -0.310 0 0.00 0.00 0.000 0.000 0 0.000 -0.310 0.0000 -0.3099
1777544933.886556 0 0.306 -0.032 -0.310 0 0.00 0.00 0.000 0.000 0 0.000 -0.310 0.0000 -0.3099
1777544933.932349 0 0.306 -0.032 -0.310 0 0.00 0.00 0.000 0.000 0 0.000 -0.310 0.0000 -0.3099
% 1777544933.9623659 robobot/cmd/T0 enc0
% 1777544933.9642496 robobot/cmd/T0 confw 0.074 0.074 19 92 0.23
% 1777544933.9670477 robobot/cmd/T0 confi
1777544933.9808378 0 0.000 0.000 0.000 0 0.00 0.00 0.000 0.000 0 0.000 0.000 0.0000 0.0000
1777544933.984809 0 0.000 0.000 0.000 0 0.00 0.00 0.000 0.000 0 0.000 0.000 0.0000 0.0000
1777544934.03262 0 0.000 0.000 0.000 0 0.00 0.00 0.000 0.000 0 0.000 0.000 0.0000 0.0000
1777544934.0816336 0 0.000 0.000 0.000 0 0.00 0.00 0.000 0.000 0 0.000 0.000 0.0000 0.0000
1777544934.0847576 0 0.000 0.000 0.000 0 0.00 0.00 0.000 0.000 0 0.000 0.000 0.0000 0.0000
% 1777544934.1047986 robobot/cmd/ti alive 2026-04-30 12:28:52.696675
% 1777544934.1256251 robobot/cmd/T0 lip 1
% 1777544934.1264284 robobot/cmd/T0 sub livn 10
% 1777544934.148906 robobot/cmd/T0 liwi
1777544934.1567626 0 0.000 0.000 0.000 0 0.00 0.00 0.000 0.000 0 0.000 0.000 0.0000 0.0000
% 1777544934.1712935 robobot/cmd/T0 liwi
1777544934.223788 0 0.000 0.000 0.000 0 -1.00 1.00 0.000 0.000 5 0.000 0.000 0.0000 0.0000
1777544934.231115 0 0.000 0.000 0.000 0 -1.00 1.00 0.000 0.000 5 0.000 0.000 0.0000 0.0000
% 1777544934.2555165 robobot/cmd/T0 servo 1 -900 200
% 1777544934.2586718 % Objective start gripper_close
% 1777544934.267051 robobot/cmd/T0 servo 2 -300 200
% 1777544934.267116 % Objective end gripper_close
% 1777544934.267167 % Objective start delay
% 1777544934.271962 robobot/cmd/T0 servo 1 -900 200
1777544934.3027189 0 0.000 0.000 0.000 0 -1.00 1.00 0.000 0.000 10 0.000 0.000 0.0000 0.0000
1777544934.3325171 0 0.000 0.000 0.000 0 -1.00 1.00 0.000 0.000 15 0.000 0.000 0.0000 0.0000
1777544934.3328874 0 0.000 0.000 0.000 0 -1.00 1.00 0.000 0.000 15 0.000 0.000 0.0000 0.0000
1777544934.3560488 0 0.000 0.000 0.000 0 -1.00 1.00 0.000 0.000 20 0.000 0.000 0.0000 0.0000
1777544934.3806603 0 0.000 0.000 0.000 0 -1.00 1.00 0.000 0.000 20 0.000 0.000 0.0000 0.0000
1777544934.385121 0 0.000 0.000 0.000 0 -1.00 1.00 0.000 0.000 20 0.000 0.000 0.0000 0.0000
1777544934.4324436 0 0.000 0.000 0.000 0 -1.00 1.00 0.000 0.000 20 0.000 0.000 0.0000 0.0000
1777544934.486477 0 0.000 0.000 0.000 0 -1.00 1.00 0.000 0.000 20 0.000 0.000 0.0000 0.0000
1777544934.4875534 0 0.000 0.000 0.000 0 -1.00 1.00 0.000 0.000 20 0.000 0.000 0.0000 0.0000
% 1777544934.5263796 robobot/cmd/T0 servo 1 -900 200
1777544934.5351853 0 0.000 0.000 0.000 0 -1.00 1.00 0.000 0.000 20 0.000 0.000 0.0000 0.0000
1777544934.5855784 0 0.000 0.000 0.000 0 -1.00 1.00 0.000 0.000 20 0.000 0.000 0.0000 0.0000
1777544934.5902717 0 0.000 0.000 0.000 0 -1.00 1.00 0.000 0.000 20 0.000 0.000 0.0000 0.0000
1777544934.6461308 0 0.000 0.000 0.000 0 -1.00 1.00 0.000 0.000 20 0.000 0.000 0.0000 0.0000
% 1777544934.6465251 robobot/cmd/ti alive 2026-04-30 12:28:52.696675
1777544934.687971 0 0.000 0.000 0.000 0 -1.00 1.00 0.000 0.000 20 0.000 0.000 0.0000 0.0000
1777544934.688607 0 0.000 0.000 0.000 0 -1.00 1.00 0.000 0.000 20 0.000 0.000 0.0000 0.0000
1777544934.7344074 0 0.000 0.000 0.000 0 -1.00 1.00 0.000 0.000 20 0.000 0.000 0.0000 0.0000
% 1777544934.7780688 robobot/cmd/T0 servo 1 -900 200
1777544934.7815363 0 0.000 0.000 0.000 0 -1.00 1.00 0.000 0.000 20 0.000 0.000 0.0000 0.0000
1777544934.7843826 0 0.000 0.000 0.000 0 -1.00 1.00 0.000 0.000 20 0.000 0.000 0.0000 0.0000
1777544934.837717 0 0.000 0.000 0.000 0 -1.00 1.00 0.000 0.000 20 0.000 0.000 0.0000 0.0000
1777544934.9121332 0 0.000 0.000 0.000 0 -1.00 1.00 0.000 0.000 20 0.000 0.000 0.0000 0.0000
1777544934.9130664 0 0.000 0.000 0.000 0 -1.00 1.00 0.000 0.000 20 0.000 0.000 0.0000 0.0000
1777544934.9925141 0 0.000 0.000 0.000 0 -1.00 1.00 0.000 0.000 20 0.000 0.000 0.0000 0.0000
1777544935.009695 0 0.000 0.000 0.000 0 -1.00 1.00 0.000 0.000 20 0.000 0.000 0.0000 0.0000
1777544935.011384 0 0.000 0.000 0.000 0 -1.00 1.00 0.000 0.000 20 0.000 0.000 0.0000 0.0000
% 1777544935.029202 robobot/cmd/T0 servo 1 -900 200
1777544935.0333726 0 0.000 0.000 0.000 0 -1.00 1.00 0.000 0.000 20 0.000 0.000 0.0000 0.0000
1777544935.0902681 0 0.000 0.000 0.000 0 -1.00 1.00 0.000 0.000 20 0.000 0.000 0.0000 0.0000
1777544935.0917819 0 0.000 0.000 0.000 0 -1.00 1.00 0.000 0.000 20 0.000 0.000 0.0000 0.0000
1777544935.1483536 0 0.000 0.000 0.000 0 -1.00 1.00 0.000 0.000 20 0.000 0.000 0.0000 0.0000
% 1777544935.1799898 robobot/cmd/ti alive 2026-04-30 12:28:52.696675
1777544935.1868227 0 0.000 0.000 0.000 0 -1.00 1.00 0.000 0.000 20 0.000 0.000 0.0000 0.0000
1777544935.2242491 0 0.000 0.000 0.000 0 -1.00 1.00 0.000 0.000 20 0.000 0.000 0.0000 0.0000
% 1777544935.297749 robobot/cmd/T0 servo 1 -900 200
1777544935.3261213 0 0.000 0.000 0.000 0 -1.00 1.00 0.000 0.000 20 0.000 0.000 0.0000 0.0000
1777544935.3772347 0 0.000 0.000 0.000 0 -1.00 1.00 0.000 0.000 20 0.000 0.000 0.0000 0.0000
1777544935.3779097 0 0.000 0.000 0.000 0 -1.00 1.00 0.000 0.000 20 0.000 0.000 0.0000 0.0000
1777544935.4363673 0 0.000 0.000 0.000 0 -1.00 1.00 0.000 0.000 20 0.000 0.000 0.0000 0.0000
1777544935.4484699 0 0.000 0.000 0.000 0 -1.00 1.00 0.000 0.000 20 0.000 0.000 0.0000 0.0000
1777544935.4488366 0 0.000 0.000 0.000 0 -1.00 1.00 0.000 0.000 20 0.000 0.000 0.0000 0.0000
1777544935.4637485 0 0.000 0.000 0.000 0 -1.00 1.00 0.000 0.000 20 0.000 0.000 0.0000 0.0000
1777544935.4816365 0 0.000 0.000 0.000 0 -1.00 1.00 0.000 0.000 20 0.000 0.000 0.0000 0.0000
1777544935.4848642 0 0.000 0.000 0.000 0 -1.00 1.00 0.000 0.000 20 0.000 0.000 0.0000 0.0000
1777544935.5351415 0 0.000 0.000 0.000 0 -1.00 1.00 0.000 0.000 20 0.000 0.000 0.0000 0.0000
% 1777544935.5391037 robobot/cmd/T0 servo 1 -900 200
1777544935.5809343 0 0.000 0.000 0.000 0 -1.00 1.00 0.000 0.000 20 0.000 0.000 0.0000 0.0000
1777544935.5862553 0 0.000 0.000 0.000 0 -1.00 1.00 0.000 0.000 20 0.000 0.000 0.0000 0.0000
1777544935.6397963 0 0.000 0.000 0.000 0 -1.00 1.00 0.000 0.000 20 0.000 0.000 0.0000 0.0000
1777544935.6819742 0 0.000 0.000 0.000 0 -1.00 1.00 0.000 0.000 20 0.000 0.000 0.0000 0.0000
1777544935.685627 0 0.000 0.000 0.000 0 -1.00 1.00 0.000 0.000 20 0.000 0.000 0.0000 0.0000
% 1777544935.7263331 robobot/cmd/ti alive 2026-04-30 12:28:52.696675
1777544935.73615 0 0.000 0.000 0.000 0 -1.00 1.00 0.000 0.000 20 0.000 0.000 0.0000 0.0000
1777544935.7818804 0 0.000 0.000 0.000 0 -1.00 1.00 0.000 0.000 20 0.000 0.000 0.0000 0.0000
1777544935.7869248 0 0.000 0.000 0.000 0 -1.00 1.00 0.000 0.000 20 0.000 0.000 0.0000 0.0000
% 1777544935.8059602 robobot/cmd/T0 servo 1 -900 200
1777544935.8364136 0 0.000 0.000 0.000 0 -1.00 1.00 0.000 0.000 20 0.000 0.000 0.0000 0.0000
1777544935.88564 0 0.000 0.000 0.000 0 -1.00 1.00 0.000 0.000 20 0.000 0.000 0.0000 0.0000
1777544935.8885565 0 0.000 0.000 0.000 0 -1.00 1.00 0.000 0.000 20 0.000 0.000 0.0000 0.0000
1777544935.935489 0 0.000 0.000 0.000 0 -1.00 1.00 0.000 0.000 20 0.000 0.000 0.0000 0.0000
1777544935.981353 0 0.000 0.000 0.000 0 -1.00 1.00 0.000 0.000 20 0.000 0.000 0.0000 0.0000
1777544935.9855943 0 0.000 0.000 0.000 0 -1.00 1.00 0.000 0.000 20 0.000 0.000 0.0000 0.0000
1777544936.034673 0 0.000 0.000 0.000 0 -1.00 1.00 0.000 0.000 20 0.000 0.000 0.0000 0.0000
% 1777544936.0571492 robobot/cmd/T0 servo 1 -900 200
1777544936.0816398 0 0.000 0.000 0.000 0 -1.00 1.00 0.000 0.000 20 0.000 0.000 0.0000 0.0000
1777544936.0896952 0 0.000 0.000 0.000 0 -1.00 1.00 0.000 0.000 20 0.000 0.000 0.0000 0.0000
1777544936.1370695 0 0.000 0.000 0.000 0 -1.00 1.00 0.000 0.000 20 0.000 0.000 0.0000 0.0000
1777544936.187347 0 0.000 0.000 0.000 0 -1.00 1.00 0.000 0.000 20 0.000 0.000 0.0000 0.0000
1777544936.1908782 0 0.000 0.000 0.000 0 -1.00 1.00 0.000 0.000 20 0.000 0.000 0.0000 0.0000
1777544936.234759 0 0.000 0.000 0.000 0 -1.00 1.00 0.000 0.000 20 0.000 0.000 0.0000 0.0000
% 1777544936.2367392 robobot/cmd/ti alive 2026-04-30 12:28:52.696675
% 1777544936.273418 % Objective end delay
% 1777544936.273489 % Objective start gripper_open
% 1777544936.2739863 robobot/cmd/T0 servo 2 -950 200
% 1777544936.2740571 % Objective end gripper_open
% 1777544936.2740974 % Objective start arm_up
% 1777544936.274887 robobot/cmd/T0 servo 1 -900 200
% 1777544936.2756116 % Objective end arm_up
% 1777544936.2756696 % Objective start drive_to_line_lock_straight_heading
% 1777544936.2770984 robobot/cmd/T0 leds 16 0 100 0
% 1777544936.2797034 robobot/cmd/ti rc 0.35 0.0
% 1777544936.2803662 robobot/cmd/T0/ lognow 3
1777544936.282764 0 0.000 0.000 0.000 0 -1.00 1.00 0.000 0.000 20 0.000 0.000 0.0000 0.0000
1777544936.2905455 0 0.000 0.000 0.000 0 -1.00 1.00 0.000 0.000 20 0.000 0.000 0.0000 0.0000
% 1777544936.3046434 robobot/cmd/ti rc 0.001 -4.000 1777544936.301014
% 1777544936.3096724 robobot/cmd/T0 servo 1 -900 200
% 1777544936.3257596 robobot/cmd/ti rc 0.003 -4.000 1777544936.3237646
% 1777544936.334417 robobot/cmd/ti rc 0.004 -2.981 1777544936.3331091
% 1777544936.3426669 robobot/cmd/ti rc 0.006 -2.046 1777544936.3409965
% 1777544936.3549078 robobot/cmd/ti rc 0.007 -1.579 1777544936.3512359
1777544936.3640275 0 0.005 -0.000 -0.036 0 -1.00 1.00 0.000 -1.579 20 0.004 -0.036 0.0043 -0.0359
% 1777544936.377109 robobot/cmd/ti rc 0.009 -1.346 1777544936.3724768
% 1777544936.3895452 robobot/cmd/ti rc 0.010 -1.231 1777544936.3855321
% 1777544936.4003787 robobot/cmd/ti rc 0.012 -1.175 1777544936.398722
% 1777544936.4088094 robobot/cmd/ti rc 0.013 -1.147 1777544936.407272
% 1777544936.4400973 robobot/cmd/ti rc 0.015 -1.135 1777544936.4310484
1777544936.4416072 0 0.007 -0.000 -0.098 0 -1.00 1.00 0.000 -1.135 20 0.005 -0.098 0.0052 -0.0983
1777544936.454306 0 0.007 -0.000 -0.102 0 -1.00 1.00 0.000 -1.135 20 0.005 -0.102 0.0052 -0.1018
% 1777544936.461629 robobot/cmd/ti rc 0.016 -1.129 1777544936.4589813
% 1777544936.4721992 robobot/cmd/ti rc 0.018 -1.128 1777544936.4711025
% 1777544936.4825525 robobot/cmd/ti rc 0.019 -1.128 1777544936.4811676
% 1777544936.4934618 robobot/cmd/ti rc 0.021 -1.129 1777544936.4926605
% 1777544936.4990406 robobot/cmd/ti rc 0.022 -1.130 1777544936.4977582
1777544936.50143 0 0.010 -0.001 -0.146 0 -1.00 1.00 0.000 -1.130 20 0.008 -0.146 0.0085 -0.1457
% 1777544936.504886 robobot/cmd/ti rc 0.024 -1.132 1777544936.5038068
% 1777544936.5179505 robobot/cmd/ti rc 0.025 -1.134 1777544936.5173998
% 1777544936.530441 robobot/cmd/ti rc 0.027 -1.136 1777544936.5285594
% 1777544936.5408092 robobot/cmd/ti rc 0.028 -1.138 1777544936.539495
% 1777544936.5466557 robobot/cmd/ti rc 0.030 -1.140 1777544936.5453053
1777544936.5467598 0 0.012 -0.001 -0.191 0 -1.00 1.00 0.000 -1.140 20 0.011 -0.191 0.0111 -0.1908
1777544936.5494833 0 0.012 -0.001 -0.193 0 -1.00 1.00 0.000 -1.140 20 0.011 -0.193 0.0113 -0.1931
% 1777544936.5548465 robobot/cmd/ti rc 0.031 -1.142 1777544936.5543606
% 1777544936.5618017 robobot/cmd/T0 servo 1 -900 200
% 1777544936.5624154 robobot/cmd/ti rc 0.033 -1.144 1777544936.5612218
% 1777544936.56747 robobot/cmd/ti rc 0.034 -1.146 1777544936.5661638
% 1777544936.572918 robobot/cmd/ti rc 0.036 -1.148 1777544936.5724647
% 1777544936.5785155 robobot/cmd/ti rc 0.037 -1.150 1777544936.5781074
1777544936.5815396 0 0.013 -0.001 -0.244 0 -1.00 1.00 0.000 -1.150 20 0.012 -0.244 0.0123 -0.2440
% 1777544936.5855258 robobot/cmd/ti rc 0.039 4.000 1777544936.5827758
% 1777544936.5899951 robobot/cmd/ti rc 0.040 -4.000 1777544936.5892396
% 1777544936.5943155 robobot/cmd/ti rc 0.042 4.000 1777544936.5930524
% 1777544936.5994318 robobot/cmd/ti rc 0.043 2.770 1777544936.598144
% 1777544936.6057577 robobot/cmd/ti rc 0.045 1.359 1777544936.6042717
1777544936.6058528 0 0.014 -0.001 -0.291 0 -1.00 0.00 0.000 1.359 20 0.013 -0.291 0.0130 -0.2914
1777544936.6083262 0 0.014 -0.001 -0.296 0 -1.00 0.00 0.000 1.359 20 0.013 -0.296 0.0130 -0.2961
% 1777544936.618069 robobot/cmd/ti rc 0.046 0.654 1777544936.6176443
% 1777544936.635356 robobot/cmd/ti rc 0.048 0.301 1777544936.6326141
% 1777544936.6396396 robobot/cmd/ti rc 0.049 0.125 1777544936.6370168
% 1777544936.6444366 robobot/cmd/ti rc 0.051 0.036 1777544936.6440072
% 1777544936.6524265 robobot/cmd/ti rc 0.052 -0.008 1777544936.6501806
1777544936.65444 0 0.015 -0.002 -0.283 0 -1.00 0.00 0.000 -0.008 20 0.014 -0.283 0.0136 -0.2833
% 1777544936.658466 robobot/cmd/ti rc 0.054 -0.030 1777544936.6556563
% 1777544936.667464 robobot/cmd/ti rc 0.055 -0.041 1777544936.6660244
% 1777544936.675371 robobot/cmd/ti rc 0.057 -0.046 1777544936.6746683
% 1777544936.68348 robobot/cmd/ti rc 0.058 -0.049 1777544936.6818802
% 1777544936.6917899 robobot/cmd/ti rc 0.060 -0.050 1777544936.690779
1777544936.6918526 0 0.016 -0.002 -0.306 0 -1.00 0.00 0.000 -0.050 20 0.016 -0.306 0.0155 -0.3065
1777544936.6963215 0 0.016 -0.002 -0.306 0 -1.00 0.00 0.000 -0.050 20 0.015 -0.306 0.0154 -0.3065
% 1777544936.7021565 robobot/cmd/ti rc 0.061 -0.051 1777544936.70025
% 1777544936.7127454 robobot/cmd/ti rc 0.063 -0.051 1777544936.7122326
% 1777544936.7250385 robobot/cmd/ti rc 0.064 -0.052 1777544936.7246046
% 1777544936.7291846 robobot/cmd/ti rc 0.066 -0.052 1777544936.7286737
% 1777544936.7332017 robobot/cmd/ti rc 0.067 -0.052 1777544936.7328067
1777544936.7355456 0 0.017 -0.002 -0.303 0 -1.00 0.00 0.000 -0.052 20 0.016 -0.303 0.0160 -0.3030
% 1777544936.7496228 robobot/cmd/ti alive 2026-04-30 12:28:52.696675
% 1777544936.7502434 robobot/cmd/ti rc 0.069 -0.052 1777544936.748971
% 1777544936.7678409 robobot/cmd/ti rc 0.070 -0.052 1777544936.7672791
% 1777544936.7725956 robobot/cmd/ti rc 0.072 -0.052 1777544936.772034
% 1777544936.7777698 robobot/cmd/ti rc 0.073 -0.052 1777544936.776829
% 1777544936.790539 robobot/cmd/ti rc 0.075 -0.052 1777544936.7902153
1777544936.7913804 0 0.018 -0.003 -0.308 0 -1.00 0.00 0.000 -0.052 20 0.016 -0.308 0.0165 -0.3076
1777544936.792398 0 0.018 -0.003 -0.309 0 -1.00 0.00 0.000 -0.052 20 0.016 -0.309 0.0165 -0.3088
% 1777544936.796622 robobot/cmd/ti rc 0.076 -0.052 1777544936.7943847
% 1777544936.8017068 robobot/cmd/ti rc 0.078 -0.052 1777544936.801145
% 1777544936.8161397 robobot/cmd/ti rc 0.079 -0.052 1777544936.8120248
% 1777544936.8220603 robobot/cmd/T0 servo 1 -900 200
% 1777544936.829246 robobot/cmd/ti rc 0.081 -0.052 1777544936.828625
% 1777544936.8351858 robobot/cmd/ti rc 0.082 -0.052 1777544936.8338542
1777544936.8365996 0 0.020 -0.003 -0.313 0 -1.00 0.00 0.000 -0.052 20 0.018 -0.313 0.0180 -0.3134
% 1777544936.8417206 robobot/cmd/ti rc 0.084 -0.052 1777544936.841321
% 1777544936.854804 robobot/cmd/ti rc 0.085 -0.052 1777544936.8543205
% 1777544936.863752 robobot/cmd/ti rc 0.087 -0.052 1777544936.862867
% 1777544936.8796191 robobot/cmd/ti rc 0.088 -0.052 1777544936.8766341
% 1777544936.8860495 robobot/cmd/ti rc 0.090 -0.052 1777544936.8856692
1777544936.8861022 0 0.023 -0.004 -0.318 0 -1.00 0.00 0.000 -0.052 20 0.021 -0.318 0.0212 -0.3180
1777544936.8874595 0 0.023 -0.004 -0.319 0 -1.00 0.00 0.000 -0.052 20 0.022 -0.319 0.0219 -0.3192
% 1777544936.892401 robobot/cmd/ti rc 0.091 -0.052 1777544936.8918967
% 1777544936.9049184 robobot/cmd/ti rc 0.093 -0.052 1777544936.9044943
% 1777544936.9127383 robobot/cmd/ti rc 0.094 -0.052 1777544936.912147
% 1777544936.9245558 robobot/cmd/ti rc 0.096 -0.052 1777544936.9242148
% 1777544936.9347157 robobot/cmd/ti rc 0.097 -0.052 1777544936.9344163
1777544936.9408133 0 0.028 -0.006 -0.322 0 -2.00 0.00 0.000 -0.052 20 0.027 -0.322 0.0266 -0.3215
% 1777544936.9434586 robobot/cmd/ti rc 0.099 -0.052 1777544936.943037
% 1777544936.9567168 robobot/cmd/ti rc 0.100 -0.052 1777544936.956171
% 1777544936.9657774 robobot/cmd/ti rc 0.102 -0.052 1777544936.9654522
% 1777544936.9737735 robobot/cmd/ti rc 0.103 -0.052 1777544936.9733145
% 1777544936.9835355 robobot/cmd/ti rc 0.105 -0.052 1777544936.9831808
1777544936.9836075 0 0.033 -0.007 -0.327 0 -2.00 0.00 0.000 -0.052 20 0.032 -0.327 0.0319 -0.3273
1777544936.9896894 0 0.033 -0.008 -0.327 0 -2.00 0.00 0.000 -0.052 20 0.032 -0.327 0.0319 -0.3273
% 1777544936.9968464 robobot/cmd/ti rc 0.106 -0.052 1777544936.996182
% 1777544937.0022333 robobot/cmd/ti rc 0.108 -0.052 1777544937.0019476
% 1777544937.015342 robobot/cmd/ti rc 0.109 -0.052 1777544937.0124857
% 1777544937.0242817 robobot/cmd/ti rc 0.111 -0.052 1777544937.0236063
% 1777544937.0367384 robobot/cmd/ti rc 0.112 -0.052 1777544937.0361638
1777544937.0374086 0 0.038 -0.010 -0.338 0 -2.00 0.00 0.000 -0.052 20 0.037 -0.338 0.0372 -0.3377
% 1777544937.0418901 robobot/cmd/ti rc 0.114 -0.052 1777544937.0415723
% 1777544937.0554953 robobot/cmd/ti rc 0.115 -0.052 1777544937.0546813
% 1777544937.06464 robobot/cmd/ti rc 0.117 -0.052 1777544937.0636344
% 1777544937.0659673 robobot/cmd/T0 servo 1 -900 200
% 1777544937.0729785 robobot/cmd/ti rc 0.118 -0.052 1777544937.0722227
% 1777544937.0887897 robobot/cmd/ti rc 0.120 -0.052 1777544937.0853314
1777544937.0888784 0 0.043 -0.011 -0.346 0 -2.00 0.00 0.000 -0.052 20 0.043 -0.346 0.0428 -0.3458
1777544937.0901523 0 0.044 -0.011 -0.347 0 -2.00 0.00 0.000 -0.052 20 0.044 -0.347 0.0437 -0.3469
% 1777544937.0932736 robobot/cmd/ti rc 0.121 -0.052 1777544937.0928278
% 1777544937.1036508 robobot/cmd/ti rc 0.123 -0.052 1777544937.1030817
% 1777544937.121675 robobot/cmd/ti rc 0.124 -0.052 1777544937.1196263
% 1777544937.126746 robobot/cmd/ti rc 0.126 -0.052 1777544937.1256893
% 1777544937.1329954 robobot/cmd/ti rc 0.127 -0.052 1777544937.1325297
1777544937.1368594 0 0.050 -0.014 -0.356 0 -2.00 0.00 0.000 -0.052 20 0.050 -0.356 0.0496 -0.3562
% 1777544937.1463377 robobot/cmd/ti rc 0.129 -0.052 1777544937.1458516
% 1777544937.1612449 robobot/cmd/ti rc 0.130 -0.052 1777544937.1607423
% 1777544937.1657205 robobot/cmd/ti rc 0.132 -0.052 1777544937.1651585
% 1777544937.1727254 robobot/cmd/ti rc 0.133 4.000 1777544937.172394
% 1777544937.1903522 robobot/cmd/ti rc 0.135 4.000 1777544937.1898582
1777544937.1904292 0 0.055 -0.016 -0.361 0 -2.00 -1.00 0.000 4.000 20 0.056 -0.361 0.0557 -0.3608
1777544937.1916618 0 0.056 -0.016 -0.353 0 -2.00 -1.00 0.000 4.000 20 0.056 -0.353 0.0557 -0.3527
% 1777544937.194163 robobot/cmd/ti rc 0.136 2.933 1777544937.1935132
% 1777544937.2035205 robobot/cmd/ti rc 0.138 1.996 1777544937.2027786
% 1777544937.216951 robobot/cmd/ti rc 0.139 1.528 1777544937.2143068
% 1777544937.2241201 robobot/cmd/ti rc 0.141 1.295 1777544937.2229676
% 1777544937.2329662 robobot/cmd/ti rc 0.142 1.180 1777544937.2325795
1777544937.2438412 0 0.061 -0.018 -0.270 0 -2.00 -1.00 0.000 1.180 20 0.061 -0.270 0.0605 -0.2695
% 1777544937.2564096 robobot/cmd/ti rc 0.144 1.123 1777544937.2540426
% 1777544937.2625167 robobot/cmd/ti alive 2026-04-30 12:28:52.696675
% 1777544937.265498 robobot/cmd/ti rc 0.145 1.096 1777544937.2649026
% 1777544937.2700703 robobot/cmd/ti rc 0.147 1.083 1777544937.2694623
% 1777544937.27477 robobot/cmd/ti rc 0.148 1.078 1777544937.27418
% 1777544937.2916725 robobot/cmd/ti rc 0.150 1.076 1777544937.2897131
1777544937.291757 0 0.068 -0.019 -0.230 0 -2.00 -1.00 0.000 1.076 20 0.068 -0.230 0.0680 -0.2301
1777544937.2980824 0 0.068 -0.019 -0.223 0 -2.00 -1.00 0.000 1.076 20 0.069 -0.223 0.0692 -0.2232
% 1777544937.300922 robobot/cmd/ti rc 0.151 1.076 1777544937.29977
% 1777544937.3078213 robobot/cmd/ti rc 0.153 1.077 1777544937.3074124
% 1777544937.3133419 robobot/cmd/ti rc 0.154 1.079 1777544937.3124304
% 1777544937.3197696 robobot/cmd/T0 servo 1 -900 200
% 1777544937.3238287 robobot/cmd/ti rc 0.156 1.080 1777544937.3229866
% 1777544937.3360128 robobot/cmd/ti rc 0.157 1.082 1777544937.3328896
1777544937.3452015 0 0.077 -0.021 -0.173 0 -2.00 -1.00 0.000 1.082 20 0.077 -0.173 0.0769 -0.1735
% 1777544937.3667579 robobot/cmd/ti rc 0.159 1.084 1777544937.3601317
% 1777544937.372163 robobot/cmd/ti rc 0.160 1.086 1777544937.3717275
% 1777544937.3803499 robobot/cmd/ti rc 0.162 1.088 1777544937.3795984
% 1777544937.3916278 robobot/cmd/ti rc 0.163 1.090 1777544937.3909574
% 1777544937.4026995 robobot/cmd/ti rc 0.165 1.092 1777544937.402241
1777544937.4028392 0 0.084 -0.022 -0.118 0 -2.00 -1.00 0.000 1.092 20 0.086 -0.118 0.0864 -0.1180
1777544937.4054284 0 0.085 -0.022 -0.110 0 -2.00 -1.00 0.000 1.092 20 0.086 -0.110 0.0864 -0.1099
% 1777544937.4120631 robobot/cmd/ti rc 0.166 1.094 1777544937.4109845
% 1777544937.417982 robobot/cmd/ti rc 0.168 1.096 1777544937.414138
% 1777544937.4292207 robobot/cmd/ti rc 0.169 1.098 1777544937.4275775
% 1777544937.4444535 robobot/cmd/ti rc 0.171 1.100 1777544937.4431832
% 1777544937.4553986 robobot/cmd/ti rc 0.172 1.102 1777544937.4545052
1777544937.4559004 0 0.093 -0.023 -0.038 0 -2.00 -1.00 0.000 1.102 20 0.095 -0.038 0.0946 -0.0382
% 1777544937.4604971 robobot/cmd/ti rc 0.174 1.104 1777544937.4596272
% 1777544937.4826858 robobot/cmd/ti rc 0.175 1.106 1777544937.482023
% 1777544937.5099607 robobot/cmd/ti rc 0.177 1.108 1777544937.5088801
% 1777544937.5506024 robobot/cmd/ti rc 0.178 1.110 1777544937.5467632
% 1777544937.55784 robobot/cmd/ti rc 0.180 1.112 1777544937.5570705
1777544937.5580142 0 0.100 -0.023 0.023 0 -2.00 -1.00 0.000 1.112 20 0.102 0.023 0.1020 0.0231
1777544937.5589056 0 0.101 -0.023 0.029 0 -2.00 -1.00 0.000 1.112 20 0.103 0.029 0.1033 0.0289
% 1777544937.5622287 robobot/cmd/ti rc 0.181 1.114 1777544937.5614192
% 1777544937.5655267 robobot/cmd/ti rc 0.182 1.116 1777544937.564866
% 1777544937.5694065 robobot/cmd/ti rc 0.184 1.118 1777544937.5687685
% 1777544937.5733354 robobot/cmd/ti rc 0.185 1.120 1777544937.5728455
% 1777544937.576244 robobot/cmd/T0 servo 1 -900 200
% 1777544937.5804806 robobot/cmd/ti rc 0.187 1.122 1777544937.5799286
1777544937.5828397 0 0.109 -0.022 0.091 0 -2.00 -1.00 0.000 1.122 20 0.111 0.091 0.1109 0.0914
% 1777544937.5892987 robobot/cmd/ti rc 0.188 1.124 1777544937.5886464
% 1777544937.5966887 robobot/cmd/ti rc 0.190 1.126 1777544937.5948327
% 1777544937.599715 robobot/cmd/ti rc 0.191 1.128 1777544937.5989237
% 1777544937.604616 robobot/cmd/ti rc 0.193 1.130 1777544937.6038275
% 1777544937.6098602 robobot/cmd/ti rc 0.194 1.132 1777544937.6092677
1777544937.6099305 0 0.118 -0.021 0.140 0 -2.00 -1.00 0.000 1.132 20 0.120 0.140 0.1198 0.1399
1777544937.6116214 0 0.118 -0.021 0.143 0 -2.00 -1.00 0.000 1.132 20 0.120 0.143 0.1198 0.1434
% 1777544937.6138065 robobot/cmd/ti rc 0.196 1.134 1777544937.6132696
% 1777544937.6203036 robobot/cmd/ti rc 0.197 1.136 1777544937.619128
% 1777544937.6240525 robobot/cmd/ti rc 0.199 1.138 1777544937.623186
% 1777544937.628197 robobot/cmd/ti rc 0.200 1.140 1777544937.6276233
% 1777544937.634977 robobot/cmd/ti rc 0.200 1.142 1777544937.6336405
1777544937.637933 0 0.126 -0.020 0.193 0 -2.00 -1.00 0.000 1.142 20 0.127 0.193 0.1274 0.1931
% 1777544937.6495943 robobot/cmd/ti rc 0.200 1.144 1777544937.646836
% 1777544937.6642594 robobot/cmd/ti rc 0.200 1.146 1777544937.6638846
% 1777544937.6954873 robobot/cmd/ti rc 0.200 1.148 1777544937.6908393
% 1777544937.6991308 robobot/cmd/ti rc 0.200 1.150 1777544937.6986606
% 1777544937.7121956 robobot/cmd/ti rc 0.200 1.152 1777544937.7087939
1777544937.7122731 0 0.134 -0.018 0.235 0 -2.00 -1.00 0.000 1.152 20 0.136 0.235 0.1361 0.2348
1777544937.7171342 0 0.135 -0.018 0.239 0 -2.00 -1.00 0.000 1.152 20 0.138 0.239 0.1377 0.2394
% 1777544937.7209163 robobot/cmd/ti rc 0.200 1.154 1777544937.7201786
% 1777544937.7306452 robobot/cmd/ti rc 0.200 1.156 1777544937.7240617
% 1777544937.733497 robobot/cmd/ti rc 0.200 1.158 1777544937.7331448
% 1777544937.737328 robobot/cmd/ti rc 0.200 1.160 1777544937.7369015
% 1777544937.742049 robobot/cmd/ti rc 0.200 -4.000 1777544937.7411516
1777544937.7445023 0 0.145 -0.015 0.295 0 -1.00 0.00 0.000 -4.000 19 0.147 0.295 0.1475 0.2949
% 1777544937.7534213 robobot/cmd/ti rc 0.200 -3.691 1777544937.7529829
% 1777544937.762464 robobot/cmd/ti rc 0.200 -1.815 1777544937.7621677
% 1777544937.7662451 robobot/cmd/ti rc 0.200 -0.878 1777544937.7659235
% 1777544937.7740493 robobot/cmd/ti rc 0.200 -0.409 1777544937.7734804
% 1777544937.7876935 robobot/cmd/ti alive 2026-04-30 12:28:52.696675
% 1777544937.79082 robobot/cmd/ti rc 0.200 -0.174 1777544937.7902381
1777544937.790907 0 0.155 -0.012 0.293 0 -1.00 0.00 0.000 -0.174 20 0.158 0.293 0.1582 0.2926
1777544937.7964325 0 0.156 -0.012 0.287 0 -1.00 0.00 0.000 -0.174 20 0.158 0.287 0.1582 0.2868
% 1777544937.804656 robobot/cmd/ti rc 0.200 -0.057 1777544937.8034353
% 1777544937.8131192 robobot/cmd/ti rc 0.200 0.001 1777544937.8116314
% 1777544937.824563 robobot/cmd/T0 servo 1 -900 200
% 1777544937.825339 robobot/cmd/ti rc 0.200 0.031 1777544937.824046
% 1777544937.827697 robobot/cmd/ti rc 0.200 0.045 1777544937.8267925
% 1777544937.834941 robobot/cmd/ti rc 0.200 0.053 1777544937.8346033
1777544937.8379827 0 0.167 -0.009 0.290 0 -1.00 0.00 0.000 0.053 20 0.170 0.290 0.1695 0.2903
% 1777544937.8565373 robobot/cmd/ti rc 0.200 0.056 1777544937.8436468
% 1777544937.8608522 robobot/cmd/ti rc 0.200 0.058 1777544937.8588884
% 1777544937.8688574 robobot/cmd/ti rc 0.200 0.059 1777544937.8684063
% 1777544937.8744469 robobot/cmd/ti rc 0.200 0.060 1777544937.8740902
% 1777544937.8847408 robobot/cmd/ti rc 0.200 0.060 1777544937.8837514
1777544937.8848383 0 0.174 -0.006 0.301 0 -1.00 0.00 0.000 0.060 20 0.178 0.301 0.1783 0.3007
1777544937.8898022 0 0.175 -0.006 0.302 0 -1.00 0.00 0.000 0.060 20 0.180 0.302 0.1797 0.3018
% 1777544937.897693 robobot/cmd/ti rc 0.200 0.060 1777544937.8963034
% 1777544937.9051332 robobot/cmd/ti rc 0.200 0.060 1777544937.9046772
% 1777544937.9395669 robobot/cmd/ti rc 0.200 0.060 1777544937.9347992
% 1777544937.949636 robobot/cmd/ti rc 0.200 0.060 1777544937.9468198
% 1777544937.9567955 robobot/cmd/ti rc 0.200 0.060 1777544937.9562829
1777544937.958788 0 0.183 -0.004 0.308 0 -1.00 0.00 0.000 0.060 20 0.188 0.308 0.1880 0.3076
% 1777544937.961254 robobot/cmd/ti rc 0.200 0.060 1777544937.9607666
% 1777544937.9659216 robobot/cmd/ti rc 0.200 0.060 1777544937.965182
% 1777544937.9691997 robobot/cmd/ti rc 0.200 0.060 1777544937.9688644
% 1777544937.9740822 robobot/cmd/ti rc 0.200 0.060 1777544937.9737928
% 1777544937.9863636 robobot/cmd/ti rc 0.200 0.060 1777544937.9859552
1777544937.9864316 0 0.191 -0.001 0.310 0 -1.00 0.00 0.000 0.060 20 0.197 0.310 0.1966 0.3099
1777544937.988375 0 0.192 -0.001 0.310 0 -1.00 0.00 0.000 0.060 20 0.197 0.310 0.1966 0.3099
% 1777544937.9947333 robobot/cmd/ti rc 0.200 0.060 1777544937.9941614
% 1777544938.0058212 robobot/cmd/ti rc 0.200 0.060 1777544938.0052698
% 1777544938.0211382 robobot/cmd/ti rc 0.200 0.060 1777544938.0203388
% 1777544938.0339692 robobot/cmd/ti rc 0.200 0.060 1777544938.0334008
% 1777544938.0400772 robobot/cmd/ti rc 0.200 -4.000 1777544938.0397944
1777544938.0409048 0 0.201 0.002 0.316 0 0.00 1.00 0.000 -4.000 17 0.205 0.316 0.2054 0.3157
% 1777544938.0460494 robobot/cmd/ti rc 0.200 -4.000 1777544938.044298
% 1777544938.0567014 robobot/cmd/ti rc 0.200 -2.919 1777544938.0563498
% 1777544938.065076 robobot/cmd/ti rc 0.200 -1.985 1777544938.0644615
% 1777544938.0738275 robobot/cmd/ti rc 0.200 -1.518 1777544938.0733068
% 1777544938.0783966 robobot/cmd/T0 servo 1 -900 200
% 1777544938.0937607 robobot/cmd/ti rc 0.200 -1.286 1777544938.0923493
1777544938.0938303 0 0.210 0.005 0.263 0 0.00 1.00 0.000 -1.286 20 0.216 0.263 0.2164 0.2625
1777544938.0949123 0 0.211 0.005 0.257 0 0.00 1.00 0.000 -1.286 20 0.218 0.257 0.2182 0.2567
% 1777544938.0974414 robobot/cmd/ti rc 0.200 -1.171 1777544938.0968957
% 1777544938.1069763 robobot/cmd/ti rc 0.200 -1.114 1777544938.1065364
% 1777544938.114346 robobot/cmd/ti rc 0.200 -1.087 1777544938.1134655
% 1777544938.1308014 robobot/cmd/ti rc 0.200 -1.075 1777544938.1297545
% 1777544938.144931 robobot/cmd/ti rc 0.200 -1.069 1777544938.144161
1777544938.1569657 0 0.221 0.008 0.229 0 0.00 1.00 0.000 -1.069 20 0.228 0.229 0.2281 0.2290
% 1777544938.1582696 robobot/cmd/ti rc 0.200 -1.068 1777544938.157897
% 1777544938.1610868 robobot/cmd/ti rc 0.200 -1.068 1777544938.1607487
% 1777544938.165148 robobot/cmd/ti rc 0.200 -1.069 1777544938.164262
% 1777544938.1732903 robobot/cmd/ti rc 0.200 -1.070 1777544938.172933
% 1777544938.1844618 robobot/cmd/ti rc 0.200 -1.072 1777544938.18376
1777544938.1845374 0 0.230 0.010 0.186 0 0.00 1.00 0.000 -1.072 20 0.238 0.186 0.2384 0.1862
1777544938.1975982 0 0.232 0.010 0.176 0 0.00 1.00 0.000 -1.072 20 0.238 0.176 0.2384 0.1758
% 1777544938.2002897 robobot/cmd/ti rc 0.200 -1.074 1777544938.1991036
% 1777544938.2046986 robobot/cmd/ti rc 0.200 -1.076 1777544938.204233
% 1777544938.2229764 robobot/cmd/ti rc 0.200 -1.078 1777544938.2219956
% 1777544938.2300963 robobot/cmd/ti rc 0.200 -1.080 1777544938.228965
% 1777544938.2370114 robobot/cmd/ti rc 0.200 -1.082 1777544938.2349617
1777544938.2396317 0 0.242 0.011 0.116 0 0.00 1.00 0.000 -1.082 20 0.248 0.116 0.2483 0.1156
% 1777544938.2431839 robobot/cmd/ti rc 0.200 -1.084 1777544938.2428079
% 1777544938.253852 robobot/cmd/ti rc 0.200 -1.086 1777544938.253249
% 1777544938.268183 robobot/cmd/ti rc 0.200 -1.088 1777544938.2671807
% 1777544938.2749033 robobot/cmd/ti rc 0.200 -1.090 1777544938.274134
% 1777544938.2986903 robobot/cmd/ti rc 0.202 -1.092 1777544938.2981284
1777544938.2987878 0 0.250 0.012 0.067 0 0.00 1.00 0.000 -1.092 20 0.259 0.067 0.2587 0.0671
1777544938.303388 0 0.252 0.012 0.057 0 0.00 1.00 0.000 -1.092 20 0.260 0.057 0.2603 0.0567
% 1777544938.3090658 robobot/cmd/ti alive 2026-04-30 12:28:52.696675
% 1777544938.3247955 robobot/cmd/ti rc 0.203 -1.094 1777544938.320927
% 1777544938.334908 robobot/cmd/T0 servo 1 -900 200
% 1777544938.3463516 robobot/cmd/ti rc 0.204 -1.096 1777544938.3443635
% 1777544938.3606164 robobot/cmd/ti rc 0.206 -1.098 1777544938.358953
% 1777544938.3672097 robobot/cmd/ti rc 0.207 -1.100 1777544938.3663266
% 1777544938.3702235 robobot/cmd/ti rc 0.209 -1.102 1777544938.3695092
1777544938.3736897 0 0.263 0.013 -0.005 0 0.00 1.00 0.000 -1.102 20 0.270 -0.005 0.2700 -0.0046
% 1777544938.37778 robobot/cmd/ti rc 0.211 -1.104 1777544938.3760488
% 1777544938.3824952 robobot/cmd/ti rc 0.212 -1.106 1777544938.3816206
% 1777544938.3901377 robobot/cmd/ti rc 0.214 -1.108 1777544938.3883276
% 1777544938.39496 robobot/cmd/ti rc 0.215 -1.110 1777544938.3944595
% 1777544938.3998866 robobot/cmd/ti rc 0.217 -1.112 1777544938.3989499
1777544938.3999496 0 0.271 0.012 -0.049 0 0.00 1.00 0.000 -1.112 20 0.280 -0.049 0.2803 -0.0486
1777544938.4011397 0 0.273 0.012 -0.060 0 0.00 1.00 0.000 -1.112 20 0.280 -0.060 0.2803 -0.0601
% 1777544938.4037414 robobot/cmd/ti rc 0.218 -1.114 1777544938.4024427
% 1777544938.4136882 robobot/cmd/ti rc 0.220 -1.116 1777544938.4123807
% 1777544938.4399576 robobot/cmd/ti rc 0.221 -1.118 1777544938.436218
% 1777544938.463458 robobot/cmd/ti rc 0.223 -1.120 1777544938.4577105
% 1777544938.4899812 robobot/cmd/ti rc 0.224 -1.122 1777544938.4807756
1777544938.4941878 0 0.284 0.011 -0.109 0 0.00 1.00 0.000 -1.122 20 0.291 -0.109 0.2906 -0.1087
% 1777544938.5098665 robobot/cmd/ti rc 0.226 -1.124 1777544938.5094955
% 1777544938.520476 robobot/cmd/ti rc 0.227 -1.126 1777544938.5136876
% 1777544938.5468745 robobot/cmd/ti rc 0.229 -1.128 1777544938.5462763
% 1777544938.5650406 robobot/cmd/ti rc 0.230 -1.130 1777544938.5639958
% 1777544938.5723877 robobot/cmd/ti rc 0.232 -1.132 1777544938.572049
1777544938.5724492 0 0.292 0.010 -0.151 0 0.00 1.00 0.000 -1.132 20 0.301 -0.151 0.3008 -0.1515
1777544938.585293 0 0.294 0.010 -0.162 0 0.00 1.00 0.000 -1.132 20 0.302 -0.162 0.3023 -0.1619
% 1777544938.586818 robobot/cmd/T0 servo 1 -900 200
% 1777544938.5989552 robobot/cmd/ti rc 0.233 -1.134 1777544938.5856264
% 1777544938.6074328 robobot/cmd/ti rc 0.235 -1.136 1777544938.6055274
% 1777544938.628868 robobot/cmd/ti rc 0.236 4.000 1777544938.6202652
% 1777544938.6397693 robobot/cmd/ti rc 0.238 3.715 1777544938.6362655
% 1777544938.6473486 robobot/cmd/ti rc 0.239 1.840 1777544938.641812
1777544938.649362 0 0.305 0.008 -0.217 0 -1.00 0.00 0.000 1.840 20 0.313 -0.217 0.3129 -0.2174
% 1777544938.6533477 robobot/cmd/ti rc 0.241 0.902 1777544938.651801
% 1777544938.661959 robobot/cmd/ti rc 0.242 0.433 1777544938.6584692
% 1777544938.674001 robobot/cmd/ti rc 0.244 0.198 1777544938.6736588
% 1777544938.6801314 robobot/cmd/ti rc 0.245 0.081 1777544938.6795835
% 1777544938.690423 robobot/cmd/ti rc 0.247 0.023 1777544938.6866832
1777544938.6904886 0 0.314 0.006 -0.261 0 -1.00 0.00 0.000 0.023 20 0.324 -0.261 0.3238 -0.2614
1777544938.690993 0 0.317 0.005 -0.272 0 -1.00 0.00 0.000 0.023 20 0.324 -0.272 0.3238 -0.2718
% 1777544938.6964011 robobot/cmd/ti rc 0.248 -0.007 1777544938.6957643
% 1777544938.7042882 robobot/cmd/ti rc 0.250 -0.021 1777544938.6991115
% 1777544938.7064888 robobot/cmd/ti rc 0.251 -0.029 1777544938.706204
% 1777544938.7095695 robobot/cmd/ti rc 0.253 -0.032 1777544938.7092743
% 1777544938.726153 robobot/cmd/ti rc 0.254 -0.034 1777544938.7258346
1777544938.7298393 0 0.328 0.002 -0.326 0 -1.00 0.00 0.000 -0.034 20 0.337 -0.326 0.3370 -0.3261
% 1777544938.7327306 robobot/cmd/ti rc 0.256 -0.035 1777544938.732389
% 1777544938.742103 robobot/cmd/ti rc 0.257 -0.035 1777544938.741753
% 1777544938.7571094 robobot/cmd/ti rc 0.259 -0.036 1777544938.7510128
% 1777544938.8061779 robobot/cmd/ti rc 0.260 -0.036 1777544938.801371
% 1777544938.831726 robobot/cmd/ti rc 0.262 -0.036 1777544938.8312666
1777544938.8318026 0 0.336 -0.001 -0.284 0 -1.00 0.00 0.000 -0.036 20 0.346 -0.284 0.3461 -0.2845
% 1777544938.8402326 robobot/cmd/T0 servo 1 -900 200
% 1777544938.8418686 robobot/cmd/ti alive 2026-04-30 12:28:52.696675
1777544938.8529987 0 0.338 -0.001 -0.293 0 -1.00 0.00 0.000 -0.036 20 0.348 -0.293 0.3477 -0.2926
% 1777544938.867565 robobot/cmd/ti rc 0.263 -0.036 1777544938.8599548
% 1777544938.874204 robobot/cmd/ti rc 0.265 -0.036 1777544938.8738973
% 1777544938.8832984 robobot/cmd/ti rc 0.266 -0.036 1777544938.8770323
% 1777544938.886453 robobot/cmd/ti rc 0.268 4.000 1777544938.8861217
% 1777544938.9068077 robobot/cmd/ti rc 0.269 -3.785 1777544938.8986747
1777544938.909954 0 0.349 -0.005 -0.315 0 -2.00 0.00 0.000 -3.785 20 0.359 -0.315 0.3587 -0.3146
% 1777544938.9142003 robobot/cmd/ti rc 0.271 4.000 1777544938.9108307
% 1777544938.9189498 robobot/cmd/ti rc 0.272 3.884 1777544938.9185696
% 1777544938.9264188 robobot/cmd/ti rc 0.274 2.479 1777544938.9258566
% 1777544938.9434376 robobot/cmd/ti rc 0.275 1.777 1777544938.9378955
% 1777544938.9594128 robobot/cmd/ti rc 0.277 1.428 1777544938.9445744
1777544938.959497 0 0.357 -0.008 -0.326 0 -2.00 -1.00 0.000 1.428 20 0.369 -0.326 0.3693 -0.3261
1777544938.9608045 0 0.360 -0.009 -0.328 0 -2.00 -1.00 0.000 1.428 20 0.369 -0.328 0.3693 -0.3284
% 1777544938.968705 robobot/cmd/ti rc 0.278 1.254 1777544938.9683204
% 1777544938.9720478 robobot/cmd/ti rc 0.280 1.168 1777544938.9716983
% 1777544938.9796624 robobot/cmd/ti rc 0.281 1.126 1777544938.9781234
% 1777544938.9954815 robobot/cmd/ti rc 0.283 1.106 1777544938.9835927
% 1777544939.0126023 robobot/cmd/ti rc 0.284 1.097 1777544939.012043
1777544939.0246303 0 0.371 -0.012 -0.335 0 -2.00 -1.00 0.000 1.097 20 0.383 -0.335 0.3830 -0.3354
% 1777544939.0434098 robobot/cmd/ti rc 0.286 1.094 1777544939.026178
% 1777544939.0626974 robobot/cmd/ti rc 0.287 1.093 1777544939.0521348
% 1777544939.0725062 robobot/cmd/ti rc 0.289 1.093 1777544939.0688486
% 1777544939.0809298 robobot/cmd/ti rc 0.290 1.095 1777544939.0796583
% 1777544939.0898814 robobot/cmd/ti rc 0.292 1.096 1777544939.0894752
1777544939.0899434 0 0.380 -0.016 -0.339 0 -2.00 -1.00 0.000 1.096 20 0.392 -0.339 0.3923 -0.3389
% 1777544939.0930836 robobot/cmd/T0 servo 1 -900 200
1777544939.0939705 0 0.382 -0.017 -0.340 0 -2.00 -1.00 0.000 1.096 20 0.394 -0.340 0.3945 -0.3400
% 1777544939.097358 robobot/cmd/ti rc 0.293 1.098 1777544939.0968423
% 1777544939.1123366 robobot/cmd/ti rc 0.295 1.100 1777544939.1118193
% 1777544939.1216612 robobot/cmd/ti rc 0.296 1.102 1777544939.1210597
% 1777544939.1299949 robobot/cmd/ti rc 0.298 4.000 1777544939.1294436
% 1777544939.1375818 robobot/cmd/ti rc 0.299 4.000 1777544939.1369426
1777544939.1388311 0 0.395 -0.021 -0.295 0 -3.00 -2.00 0.000 4.000 20 0.407 -0.295 0.4072 -0.2949
% 1777544939.1415288 robobot/cmd/ti rc 0.301 4.000 1777544939.140567
% 1777544939.153635 robobot/cmd/ti rc 0.302 3.156 1777544939.1532407
% 1777544939.1693358 robobot/cmd/ti rc 0.304 2.691 1777544939.1638467
% 1777544939.1790564 robobot/cmd/ti rc 0.305 2.461 1777544939.1754332
% 1777544939.1880717 robobot/cmd/ti rc 0.307 2.347 1777544939.1876879
1777544939.1881287 0 0.405 -0.023 -0.243 0 -3.00 -2.00 0.000 2.347 20 0.420 -0.243 0.4199 -0.2429
1777544939.1937819 0 0.408 -0.024 -0.234 0 -3.00 -2.00 0.000 2.347 20 0.420 -0.234 0.4199 -0.2336
% 1777544939.1988564 robobot/cmd/ti rc 0.308 2.293 1777544939.1983786
% 1777544939.2119145 robobot/cmd/ti rc 0.310 2.267 1777544939.2111669
% 1777544939.2270875 robobot/cmd/ti rc 0.311 2.257 1777544939.2244859
% 1777544939.2325282 robobot/cmd/ti rc 0.313 2.253 1777544939.2317762
% 1777544939.245742 robobot/cmd/ti rc 0.314 2.254 1777544939.2429128
1777544939.2521126 0 0.423 -0.027 -0.191 0 -3.00 -2.00 0.000 2.254 20 0.438 -0.191 0.4378 -0.1908
% 1777544939.2557929 robobot/cmd/ti rc 0.316 2.256 1777544939.2551003
% 1777544939.2642744 robobot/cmd/ti rc 0.317 2.259 1777544939.2637103
% 1777544939.2683427 robobot/cmd/ti rc 0.319 2.262 1777544939.2679179
% 1777544939.3043745 robobot/cmd/ti rc 0.320 2.266 1777544939.3003569
% 1777544939.306591 robobot/cmd/ti rc 0.322 2.270 1777544939.3061314
1777544939.306657 0 0.436 -0.030 -0.153 0 -3.50 -2.00 0.000 2.270 20 0.451 -0.153 0.4507 -0.1527
1777544939.3107364 0 0.439 -0.030 -0.141 0 -3.50 -2.00 0.000 2.270 20 0.454 -0.141 0.4536 -0.1411
% 1777544939.3134398 robobot/cmd/ti rc 0.323 2.274 1777544939.312571
% 1777544939.322909 robobot/cmd/ti rc 0.325 2.278 1777544939.3225064
% 1777544939.329907 robobot/cmd/ti rc 0.326 2.282 1777544939.3293512
% 1777544939.3344872 robobot/cmd/ti rc 0.328 2.286 1777544939.3341823
% 1777544939.3393636 robobot/cmd/ti rc 0.329 2.290 1777544939.3387027
1777544939.342908 0 0.454 -0.032 -0.084 0 -3.50 -2.00 0.000 2.290 20 0.467 -0.084 0.4675 -0.0844
% 1777544939.3492916 robobot/cmd/T0 servo 1 -900 200
% 1777544939.3526006 robobot/cmd/ti rc 0.331 2.294 1777544939.3455427
% 1777544939.3629339 robobot/cmd/ti rc 0.332 2.298 1777544939.3612943
% 1777544939.368774 robobot/cmd/ti rc 0.334 2.302 1777544939.3674076
% 1777544939.3747914 robobot/cmd/ti rc 0.335 2.306 1777544939.3737426
% 1777544939.3813362 robobot/cmd/ti alive 2026-04-30 12:28:52.696675
% 1777544939.3832023 robobot/cmd/ti rc 0.337 2.310 1777544939.3826241
1777544939.3835468 0 0.465 -0.032 0.017 0 -3.50 -2.00 0.000 2.310 20 0.481 0.017 0.4811 0.0173
1777544939.3859289 0 0.468 -0.032 0.037 0 -3.50 -2.00 0.000 2.310 20 0.481 0.037 0.4811 0.0370
% 1777544939.3891342 robobot/cmd/ti rc 0.338 2.314 1777544939.3886173
% 1777544939.3930244 robobot/cmd/ti rc 0.340 2.318 1777544939.3928208
% 1777544939.3974805 robobot/cmd/ti rc 0.341 2.322 1777544939.3968658
% 1777544939.4066625 robobot/cmd/ti rc 0.343 2.326 1777544939.405279
% 1777544939.411918 robobot/cmd/ti rc 0.344 2.330 1777544939.4109724
1777544939.4238005 0 0.482 -0.031 0.153 0 -3.00 -2.00 0.000 2.330 20 0.499 0.153 0.4989 0.1527
% 1777544939.4261413 robobot/cmd/ti rc 0.346 2.334 1777544939.4258265
% 1777544939.4415538 robobot/cmd/ti rc 0.347 2.338 1777544939.441241
% 1777544939.4509451 robobot/cmd/ti rc 0.349 2.342 1777544939.4471614
% 1777544939.4791358 robobot/cmd/ti rc 0.350 1.586 1777544939.478763
% 1777544939.510108 robobot/cmd/ti rc 0.352 1.590 1777544939.508983
1777544939.5102317 0 0.494 -0.028 0.256 0 -3.00 -2.00 0.000 1.590 20 0.510 0.256 0.5105 0.2556
1777544939.5273097 0 0.497 -0.027 0.282 0 -3.00 -2.00 0.000 1.590 20 0.514 0.282 0.5137 0.2822
% 1777544939.5295546 robobot/cmd/ti rc 0.353 1.590 1777544939.5288348
% 1777544939.5352094 robobot/cmd/ti rc 0.355 1.590 1777544939.534695
% 1777544939.5393376 robobot/cmd/ti rc 0.356 1.590 1777544939.538618
% 1777544939.5453036 robobot/cmd/ti rc 0.358 1.590 1777544939.5445862
% 1777544939.5511749 robobot/cmd/ti rc 0.359 1.590 1777544939.548588
1777544939.5528986 0 0.511 -0.023 0.408 0 -3.00 -2.00 0.000 1.590 20 0.527 0.408 0.5272 0.4082
% 1777544939.555994 robobot/cmd/ti rc 0.361 -4.000 1777544939.555585
% 1777544939.5625231 robobot/cmd/ti rc 0.362 -3.450 1777544939.5616055
% 1777544939.568662 robobot/cmd/ti rc 0.364 -1.722 1777544939.567882
% 1777544939.576633 robobot/cmd/ti rc 0.365 -0.685 1777544939.57628
% 1777544939.5781221 robobot/cmd/ti rc 0.367 -0.063 1777544939.5778315
1777544939.5781772 0 0.522 -0.017 0.512 0 -2.00 -1.00 0.000 -0.063 20 0.542 0.512 0.5422 0.5123
1777544939.5791287 0 0.525 -0.015 0.535 0 -2.00 -1.00 0.000 -0.063 20 0.542 0.535 0.5422 0.5355
% 1777544939.5839572 robobot/cmd/ti rc 0.368 0.310 1777544939.5835457
% 1777544939.5870018 robobot/cmd/ti rc 0.370 0.534 1777544939.5865865
% 1777544939.5927696 robobot/cmd/ti rc 0.371 0.668 1777544939.592048
% 1777544939.6024108 robobot/cmd/ti rc 0.373 0.749 1777544939.6014059
% 1777544939.6057136 robobot/cmd/T0 servo 1 -900 200
% 1777544939.6078393 robobot/cmd/ti rc 0.374 0.797 1777544939.607404
1777544939.6108809 0 0.539 -0.006 0.644 0 -2.00 -1.00 0.000 0.797 20 0.561 0.644 0.5611 0.6442
% 1777544939.6137333 robobot/cmd/ti rc 0.376 -4.000 1777544939.6125627
% 1777544939.6216524 robobot/cmd/ti rc 0.377 -4.000 1777544939.6205204
% 1777544939.6349976 robobot/cmd/ti rc 0.379 -2.460 1777544939.6334789
% 1777544939.640692 robobot/cmd/ti rc 0.380 -1.416 1777544939.639724
% 1777544939.6442266 robobot/cmd/ti rc 0.382 -0.790 1777544939.6438518
1777544939.6442964 0 0.549 0.003 0.738 0 -1.00 0.00 0.000 -0.790 20 0.575 0.738 0.5747 0.7378
1777544939.6467295 0 0.552 0.005 0.759 0 -1.00 0.00 0.000 -0.790 20 0.577 0.759 0.5773 0.7587
% 1777544939.65131 robobot/cmd/ti rc 0.383 -0.414 1777544939.6508927
% 1777544939.6542778 robobot/cmd/ti rc 0.385 -4.000 1777544939.653989
% 1777544939.656617 robobot/cmd/ti rc 0.386 -4.000 1777544939.6563492
% 1777544939.6616082 robobot/cmd/ti rc 0.388 -3.290 1777544939.6613612
% 1777544939.6660337 robobot/cmd/ti rc 0.389 -2.206 1777544939.6639671
1777544939.6756382 0 0.565 0.019 0.859 0 0.00 1.00 0.000 -2.206 20 0.595 0.859 0.5947 0.8593
% 1777544939.6781948 robobot/cmd/ti rc 0.391 -1.557 1777544939.6776083
% 1777544939.6855862 robobot/cmd/ti rc 0.392 -4.000 1777544939.6851413
% 1777544939.69021 robobot/cmd/ti rc 0.394 -4.000 1777544939.6894774
% 1777544939.6941047 robobot/cmd/ti rc 0.395 -4.000 1777544939.6936152
% 1777544939.7005105 robobot/cmd/ti rc 0.397 -4.000 1777544939.699292
1777544939.7006094 0 0.574 0.030 0.887 0 1.00 3.50 0.000 -4.000 20 0.612 0.887 0.6123 0.8870
1777544939.7041883 0 0.577 0.033 0.865 0 1.00 3.50 0.000 -4.000 20 0.612 0.865 0.6123 0.8651
% 1777544939.7068455 robobot/cmd/ti rc 0.398 -4.000 1777544939.7059846
% 1777544939.7133543 robobot/cmd/ti rc 0.400 -4.000 1777544939.7123828
% 1777544939.7205493 robobot/cmd/ti rc 0.401 -4.000 1777544939.7195182
% 1777544939.726601 robobot/cmd/ti rc 0.403 -0.081 1777544939.7243571
% 1777544939.7295592 robobot/cmd/ti rc 0.404 -0.881 1777544939.7291641
1777544939.7338657 0 0.588 0.048 0.901 0 2.00 3.00 0.000 -0.881 20 0.633 0.901 0.6334 0.9009
% 1777544939.7355556 robobot/cmd/ti rc 0.406 -1.364 1777544939.7343717
% 1777544939.7398112 robobot/cmd/ti rc 0.407 -1.655 1777544939.7393126
% 1777544939.7462652 robobot/cmd/ti rc 0.409 -1.833 1777544939.7455664
% 1777544939.7521508 robobot/cmd/ti rc 0.410 -1.942 1777544939.7517226
% 1777544939.758234 robobot/cmd/ti rc 0.412 -2.009 1777544939.757632
1777544939.7583194 0 0.599 0.060 0.849 0 2.00 3.00 0.000 -2.009 18 0.649 0.849 0.6491 0.8489
1777544939.761186 0 0.601 0.063 0.836 0 2.00 3.00 0.000 -2.009 18 0.653 0.836 0.6528 0.8361
% 1777544939.7625341 robobot/cmd/ti rc 0.413 -2.052 1777544939.7620435
% 1777544939.7720146 robobot/cmd/ti rc 0.415 -2.081 1777544939.771213
% 1777544939.777832 robobot/cmd/ti rc 0.416 -2.100 1777544939.7772946
% 1777544939.7865775 robobot/cmd/ti rc 0.418 -2.114 1777544939.786166
% 1777544939.7903354 robobot/cmd/ti rc 0.419 -2.125 1777544939.789712
1777544939.7911634 0 0.615 0.076 0.716 0 2.00 3.00 0.000 -2.125 13 0.672 0.716 0.6716 0.7159
% 1777544939.7951317 robobot/cmd/ti rc 0.421 -2.134 1777544939.7945058
% 1777544939.8013847 robobot/cmd/ti rc 0.422 -2.141 1777544939.8008695
% 1777544939.807584 robobot/cmd/ti rc 0.424 -2.148 1777544939.8069048
% 1777544939.812659 robobot/cmd/ti rc 0.425 -2.155 1777544939.811745
% 1777544939.818729 robobot/cmd/ti rc 0.427 -2.161 1777544939.8183916
1777544939.8187819 0 0.625 0.085 0.644 0 2.00 3.00 0.000 -2.161 8 0.688 0.644 0.6884 0.6442
1777544939.828262 0 0.628 0.087 0.618 0 2.00 3.00 0.000 -2.161 8 0.688 0.618 0.6884 0.6176
% 1777544939.8333347 robobot/cmd/ti rc 0.428 -2.168 1777544939.8327491
% 1777544939.8368824 robobot/cmd/ti rc 0.430 -2.174 1777544939.8365257
% 1777544939.8424616 robobot/cmd/ti rc 0.431 -2.180 1777544939.8413656
% 1777544939.8472922 robobot/cmd/ti rc 0.433 -2.186 1777544939.846608
% 1777544939.8557136 robobot/cmd/ti rc 0.434 -2.192 1777544939.8548155
% 1777544939.8576853 robobot/cmd/T0 servo 1 -900 200
1777544939.8580534 0 0.644 0.097 0.516 0 2.00 3.00 0.000 -2.192 3 0.709 0.516 0.7095 0.5158
% 1777544939.8604262 robobot/cmd/ti rc 0.436 -2.198 1777544939.8592925
% 1777544939.8714976 robobot/cmd/ti rc 0.437 -2.204 1777544939.8657312
% 1777544939.874418 robobot/cmd/ti rc 0.439 -2.210 1777544939.8740401
% 1777544939.8868923 robobot/cmd/ti rc 0.440 -2.216 1777544939.881719
% 1777544939.896788 robobot/cmd/ti rc 0.442 -2.222 1777544939.8946524
1777544939.896953 0 0.659 0.105 0.434 0 2.00 3.00 0.000 -2.222 0 0.726 0.434 0.7260 0.4337
1777544939.906108 0 0.664 0.107 0.412 0 2.00 3.00 0.000 -2.222 0 0.730 0.412 0.7303 0.4117
% 1777544939.9198563 robobot/cmd/ti alive 2026-04-30 12:28:52.696675
% 1777544939.9226875 robobot/cmd/ti rc 0.443 -2.228 1777544939.9071977
% 1777544939.933478 robobot/cmd/ti rc 0.445 -2.234 1777544939.932714
% 1777544939.9379888 robobot/cmd/ti rc 0.446 -2.240 1777544939.9368474
% 1777544939.9427404 robobot/cmd/ti rc 0.448 -2.246 1777544939.942117
% 1777544939.9502406 robobot/cmd/ti rc 0.449 -2.252 1777544939.9475417
1777544939.9539073 0 0.686 0.115 0.301 0 2.00 3.00 0.000 -2.252 0 0.752 0.301 0.7524 0.3007
% 1777544939.955067 robobot/cmd/ti rc 0.451 -2.258 1777544939.9543648
% 1777544939.962865 robobot/cmd/ti rc 0.452 -2.264 1777544939.958405
% 1777544939.972277 robobot/cmd/ti rc 0.454 -2.270 1777544939.9712296
% 1777544939.977689 robobot/cmd/ti rc 0.455 -2.276 1777544939.9761705
% 1777544939.9886792 robobot/cmd/ti rc 0.457 -2.282 1777544939.9869673
1777544939.9887493 0 0.704 0.120 0.208 0 2.00 3.00 0.000 -2.282 0 0.775 0.208 0.7750 0.2082
1777544939.992941 0 0.709 0.121 0.185 0 2.00 3.00 0.000 -2.282 0 0.775 0.185 0.7750 0.1850
% 1777544939.9971316 robobot/cmd/ti rc 0.458 -2.288 1777544939.994575
% 1777544940.014524 robobot/cmd/ti rc 0.460 -2.294 1777544940.0130424
% 1777544940.0255582 robobot/cmd/ti rc 0.461 -2.300 1777544940.021841
% 1777544940.04077 robobot/cmd/ti rc 0.463 -2.306 1777544940.0355499
% 1777544940.0505445 robobot/cmd/ti rc 0.464 -2.310 1777544940.0502682
1777544940.0538957 0 0.732 0.124 0.070 0 2.00 3.00 0.000 -2.310 0 0.801 0.070 0.8011 0.0705
% 1777544940.0561976 robobot/cmd/ti rc 0.466 -2.310 1777544940.0542061
% 1777544940.0650558 robobot/cmd/ti rc 0.467 -2.310 1777544940.0642533
% 1777544940.0703335 robobot/cmd/ti rc 0.469 -2.310 1777544940.069615
% 1777544940.076454 robobot/cmd/ti rc 0.470 -2.310 1777544940.0757556
% 1777544940.085136 robobot/cmd/ti rc 0.472 -2.310 1777544940.083387
1777544940.0852106 0 0.750 0.124 -0.021 0 2.00 3.00 0.000 -2.310 0 0.820 -0.021 0.8196 -0.0208
1777544940.0910513 0 0.755 0.124 -0.043 0 2.00 3.00 0.000 -2.310 0 0.823 -0.043 0.8232 -0.0428
% 1777544940.0955946 robobot/cmd/ti rc 0.473 -2.310 1777544940.0945268
% 1777544940.0987136 robobot/cmd/ti rc 0.33249999999999996 0.0
1777544940.1422148 0 0.776 0.122 -0.130 0 2.00 3.00 0.000 -2.310 0 0.844 -0.130 0.8437 -0.1295
% 1777544940.1520512 robobot/cmd/ti rc 0.315 0.0
