% teensy communication to/from Teensy
% 1 	Time (sec) from system
% 2 	(Tx) Send to Teensy
%   	(Rx) Received from Teensy
%   	(Qu N) Put in queue to Teensy, now queue size N
% 3 	Message string queued, send or received
1773149550.0199 ## Connection to USB open
1773149550.0250 Txd ;35alive
1773149550.0259 Txd ;28hbti
1773149550.0273 Txd ;31leave
1773149550.0279 Rx ;56hbt 10040.7275 105 1033 15.59 4 8 8.9 0.47 0
1773149550.0296 Qu 1 ;74!batcal 1.000000
1773149550.0302 Tx ;74!batcal 1.000000
1773149550.0313 Rx ;17# USB back up at 10040.732s; went off at 9700.700s (since Teensy boot) as failed sending and no incoming
1773149550.0315 Rx ;88# 10040.732 Unhandled message: batcal 1.000000
1773149550.0316 Rx ;64confirm !batcal 1.000000
1773149550.0337 Qu 1 ;24!disp #  10.197.218.199
1773149550.0339 Tx ;24!disp #  10.197.218.199
1773149550.0350 Rx ;14confirm !disp #  10.197.218.199
1773149550.0400 Qu 1 ;95!enc0
1773149550.0405 Tx ;95!enc0
1773149550.0416 Rx ;85confirm !enc0
1773149550.1191 Qu 1 ;41!servo 1 0 200
1773149550.1192 Qu 2 ;81!sub svo 50
1773149550.1202 Tx ;41!servo 1 0 200
1773149550.1214 Rx ;31confirm !servo 1 0 200
1773149550.1215 Tx ;81!sub svo 50
1773149550.1226 Rx ;71confirm !sub svo 50
1773149550.1227 Rx ;89svo 1 0 200  0 0 0  0 0 0  0 0 0  0 0 0
1773149550.1719 Rx ;89svo 1 0 200  0 0 0  0 0 0  0 0 0  0 0 0
1773149550.2226 Rx ;89svo 1 0 200  0 0 0  0 0 0  0 0 0  0 0 0
1773149550.2719 Rx ;89svo 1 0 200  0 0 0  0 0 0  0 0 0  0 0 0
1773149550.3219 Rx ;89svo 1 0 200  0 0 0  0 0 0  0 0 0  0 0 0
1773149550.3719 Rx ;89svo 1 0 200  0 0 0  0 0 0  0 0 0  0 0 0
1773149550.4222 Rx ;89svo 1 0 200  0 0 0  0 0 0  0 0 0  0 0 0
1773149550.4722 Rx ;89svo 1 0 200  0 0 0  0 0 0  0 0 0  0 0 0
1773149550.5221 Rx ;89svo 1 0 200  0 0 0  0 0 0  0 0 0  0 0 0
1773149550.5723 Rx ;89svo 1 0 200  0 0 0  0 0 0  0 0 0  0 0 0
1773149550.6224 Rx ;89svo 1 0 200  0 0 0  0 0 0  0 0 0  0 0 0
1773149550.6726 Rx ;89svo 1 0 200  0 0 0  0 0 0  0 0 0  0 0 0
1773149550.7226 Rx ;89svo 1 0 200  0 0 0  0 0 0  0 0 0  0 0 0
1773149550.7726 Rx ;89svo 1 0 200  0 0 0  0 0 0  0 0 0  0 0 0
1773149550.8227 Rx ;89svo 1 0 200  0 0 0  0 0 0  0 0 0  0 0 0
1773149550.8725 Rx ;89svo 1 0 200  0 0 0  0 0 0  0 0 0  0 0 0
1773149550.9224 Rx ;89svo 1 0 200  0 0 0  0 0 0  0 0 0  0 0 0
1773149550.9722 Rx ;89svo 1 0 200  0 0 0  0 0 0  0 0 0  0 0 0
1773149551.0201 Txd ;35alive
1773149551.0218 Rx ;89svo 1 0 200  0 0 0  0 0 0  0 0 0  0 0 0
1773149551.0728 Rx ;89svo 1 0 200  0 0 0  0 0 0  0 0 0  0 0 0
1773149551.1227 Rx ;89svo 1 0 200  0 0 0  0 0 0  0 0 0  0 0 0
1773149551.1723 Rx ;89svo 1 0 200  0 0 0  0 0 0  0 0 0  0 0 0
1773149551.2228 Rx ;89svo 1 0 200  0 0 0  0 0 0  0 0 0  0 0 0
1773149551.2727 Rx ;89svo 1 0 200  0 0 0  0 0 0  0 0 0  0 0 0
1773149551.3227 Rx ;89svo 1 0 200  0 0 0  0 0 0  0 0 0  0 0 0
1773149551.3726 Rx ;89svo 1 0 200  0 0 0  0 0 0  0 0 0  0 0 0
1773149551.4227 Rx ;89svo 1 0 200  0 0 0  0 0 0  0 0 0  0 0 0
1773149551.4726 Rx ;89svo 1 0 200  0 0 0  0 0 0  0 0 0  0 0 0
1773149551.5226 Rx ;89svo 1 0 200  0 0 0  0 0 0  0 0 0  0 0 0
1773149551.5725 Rx ;89svo 1 0 200  0 0 0  0 0 0  0 0 0  0 0 0
1773149551.6227 Rx ;89svo 1 0 200  0 0 0  0 0 0  0 0 0  0 0 0
1773149551.6726 Rx ;89svo 1 0 200  0 0 0  0 0 0  0 0 0  0 0 0
1773149551.7226 Rx ;89svo 1 0 200  0 0 0  0 0 0  0 0 0  0 0 0
1773149551.7725 Rx ;89svo 1 0 200  0 0 0  0 0 0  0 0 0  0 0 0
1773149551.8226 Rx ;89svo 1 0 200  0 0 0  0 0 0  0 0 0  0 0 0
1773149551.8725 Rx ;89svo 1 0 200  0 0 0  0 0 0  0 0 0  0 0 0
1773149551.9214 Txd ;35alive
1773149551.9220 Rx ;89svo 1 0 200  0 0 0  0 0 0  0 0 0  0 0 0
1773149551.9720 Rx ;89svo 1 0 200  0 0 0  0 0 0  0 0 0  0 0 0
1773149552.0227 Rx ;89svo 1 0 200  0 0 0  0 0 0  0 0 0  0 0 0
1773149552.0726 Rx ;89svo 1 0 200  0 0 0  0 0 0  0 0 0  0 0 0
1773149552.1224 Rx ;89svo 1 0 200  0 0 0  0 0 0  0 0 0  0 0 0
1773149552.1723 Rx ;89svo 1 0 200  0 0 0  0 0 0  0 0 0  0 0 0
1773149552.2226 Rx ;89svo 1 0 200  0 0 0  0 0 0  0 0 0  0 0 0
1773149552.2722 Rx ;89svo 1 0 200  0 0 0  0 0 0  0 0 0  0 0 0
1773149552.3220 Rx ;89svo 1 0 200  0 0 0  0 0 0  0 0 0  0 0 0
1773149552.3720 Rx ;89svo 1 0 200  0 0 0  0 0 0  0 0 0  0 0 0
1773149552.4220 Rx ;89svo 1 0 200  0 0 0  0 0 0  0 0 0  0 0 0
1773149552.4727 Rx ;89svo 1 0 200  0 0 0  0 0 0  0 0 0  0 0 0
1773149552.5229 Rx ;89svo 1 0 200  0 0 0  0 0 0  0 0 0  0 0 0
1773149552.5723 Rx ;89svo 1 0 200  0 0 0  0 0 0  0 0 0  0 0 0
1773149552.6229 Rx ;89svo 1 0 200  0 0 0  0 0 0  0 0 0  0 0 0
1773149552.6718 Rx ;89svo 1 0 200  0 0 0  0 0 0  0 0 0  0 0 0
1773149552.7219 Rx ;89svo 1 0 200  0 0 0  0 0 0  0 0 0  0 0 0
1773149552.7720 Rx ;89svo 1 0 200  0 0 0  0 0 0  0 0 0  0 0 0
1773149552.8220 Txd ;35alive
1773149552.8226 Rx ;89svo 1 0 200  0 0 0  0 0 0  0 0 0  0 0 0
1773149552.8725 Rx ;89svo 1 0 200  0 0 0  0 0 0  0 0 0  0 0 0
1773149552.9222 Rx ;89svo 1 0 200  0 0 0  0 0 0  0 0 0  0 0 0
1773149552.9721 Rx ;89svo 1 0 200  0 0 0  0 0 0  0 0 0  0 0 0
1773149553.0225 Rx ;89svo 1 0 200  0 0 0  0 0 0  0 0 0  0 0 0
1773149553.0722 Rx ;89svo 1 0 200  0 0 0  0 0 0  0 0 0  0 0 0
1773149553.1221 Rx ;89svo 1 0 200  0 0 0  0 0 0  0 0 0  0 0 0
1773149553.1722 Rx ;89svo 1 0 200  0 0 0  0 0 0  0 0 0  0 0 0
1773149553.2221 Rx ;89svo 1 0 200  0 0 0  0 0 0  0 0 0  0 0 0
1773149553.2720 Rx ;89svo 1 0 200  0 0 0  0 0 0  0 0 0  0 0 0
1773149553.3219 Rx ;89svo 1 0 200  0 0 0  0 0 0  0 0 0  0 0 0
1773149553.3728 Rx ;89svo 1 0 200  0 0 0  0 0 0  0 0 0  0 0 0
1773149553.4220 Rx ;89svo 1 0 200  0 0 0  0 0 0  0 0 0  0 0 0
1773149553.4728 Rx ;89svo 1 0 200  0 0 0  0 0 0  0 0 0  0 0 0
1773149553.5227 Rx ;89svo 1 0 200  0 0 0  0 0 0  0 0 0  0 0 0
1773149553.5727 Rx ;89svo 1 0 200  0 0 0  0 0 0  0 0 0  0 0 0
1773149553.6228 Rx ;89svo 1 0 200  0 0 0  0 0 0  0 0 0  0 0 0
1773149553.6728 Rx ;89svo 1 0 200  0 0 0  0 0 0  0 0 0  0 0 0
1773149553.7223 Rx ;89svo 1 0 200  0 0 0  0 0 0  0 0 0  0 0 0
1773149553.7235 Txd ;35alive
1773149553.7729 Rx ;89svo 1 0 200  0 0 0  0 0 0  0 0 0  0 0 0
1773149553.8222 Rx ;89svo 1 0 200  0 0 0  0 0 0  0 0 0  0 0 0
1773149553.8720 Rx ;89svo 1 0 200  0 0 0  0 0 0  0 0 0  0 0 0
1773149553.9219 Rx ;89svo 1 0 200  0 0 0  0 0 0  0 0 0  0 0 0
1773149553.9728 Rx ;89svo 1 0 200  0 0 0  0 0 0  0 0 0  0 0 0
1773149554.0219 Rx ;89svo 1 0 200  0 0 0  0 0 0  0 0 0  0 0 0
1773149554.0728 Rx ;89svo 1 0 200  0 0 0  0 0 0  0 0 0  0 0 0
1773149554.1219 Rx ;89svo 1 0 200  0 0 0  0 0 0  0 0 0  0 0 0
1773149554.1729 Rx ;89svo 1 0 200  0 0 0  0 0 0  0 0 0  0 0 0
1773149554.2224 Rx ;89svo 1 0 200  0 0 0  0 0 0  0 0 0  0 0 0
1773149554.2723 Rx ;89svo 1 0 200  0 0 0  0 0 0  0 0 0  0 0 0
1773149554.3223 Rx ;89svo 1 0 200  0 0 0  0 0 0  0 0 0  0 0 0
1773149554.3722 Rx ;89svo 1 0 200  0 0 0  0 0 0  0 0 0  0 0 0
1773149554.4225 Rx ;89svo 1 0 200  0 0 0  0 0 0  0 0 0  0 0 0
1773149554.4724 Rx ;89svo 1 0 200  0 0 0  0 0 0  0 0 0  0 0 0
1773149554.5224 Rx ;89svo 1 0 200  0 0 0  0 0 0  0 0 0  0 0 0
1773149554.5723 Rx ;89svo 1 0 200  0 0 0  0 0 0  0 0 0  0 0 0
1773149554.6224 Rx ;89svo 1 0 200  0 0 0  0 0 0  0 0 0  0 0 0
1773149554.6247 Txd ;35alive
1773149554.6719 Rx ;89svo 1 0 200  0 0 0  0 0 0  0 0 0  0 0 0
1773149554.7229 Rx ;89svo 1 0 200  0 0 0  0 0 0  0 0 0  0 0 0
1773149554.7720 Rx ;89svo 1 0 200  0 0 0  0 0 0  0 0 0  0 0 0
1773149554.8220 Rx ;89svo 1 0 200  0 0 0  0 0 0  0 0 0  0 0 0
1773149554.8720 Rx ;89svo 1 0 200  0 0 0  0 0 0  0 0 0  0 0 0
1773149554.9219 Rx ;89svo 1 0 200  0 0 0  0 0 0  0 0 0  0 0 0
1773149554.9719 Rx ;89svo 1 0 200  0 0 0  0 0 0  0 0 0  0 0 0
1773149555.0226 Rx ;89svo 1 0 200  0 0 0  0 0 0  0 0 0  0 0 0
1773149555.0726 Rx ;89svo 1 0 200  0 0 0  0 0 0  0 0 0  0 0 0
1773149555.1225 Rx ;89svo 1 0 200  0 0 0  0 0 0  0 0 0  0 0 0
1773149555.1725 Rx ;89svo 1 0 200  0 0 0  0 0 0  0 0 0  0 0 0
1773149555.2219 Rx ;89svo 1 0 200  0 0 0  0 0 0  0 0 0  0 0 0
1773149555.2722 Rx ;89svo 1 0 200  0 0 0  0 0 0  0 0 0  0 0 0
1773149555.3221 Rx ;89svo 1 0 200  0 0 0  0 0 0  0 0 0  0 0 0
1773149555.3721 Rx ;89svo 1 0 200  0 0 0  0 0 0  0 0 0  0 0 0
1773149555.4222 Rx ;89svo 1 0 200  0 0 0  0 0 0  0 0 0  0 0 0
1773149555.4721 Rx ;89svo 1 0 200  0 0 0  0 0 0  0 0 0  0 0 0
1773149555.5220 Rx ;89svo 1 0 200  0 0 0  0 0 0  0 0 0  0 0 0
1773149555.5254 Txd ;35alive
1773149555.5727 Rx ;89svo 1 0 200  0 0 0  0 0 0  0 0 0  0 0 0
1773149555.6228 Rx ;89svo 1 0 200  0 0 0  0 0 0  0 0 0  0 0 0
1773149555.6719 Rx ;89svo 1 0 200  0 0 0  0 0 0  0 0 0  0 0 0
1773149555.7228 Rx ;89svo 1 0 200  0 0 0  0 0 0  0 0 0  0 0 0
1773149555.7723 Rx ;89svo 1 0 200  0 0 0  0 0 0  0 0 0  0 0 0
1773149555.8223 Rx ;89svo 1 0 200  0 0 0  0 0 0  0 0 0  0 0 0
1773149555.8722 Rx ;89svo 1 0 200  0 0 0  0 0 0  0 0 0  0 0 0
1773149555.9221 Rx ;89svo 1 0 200  0 0 0  0 0 0  0 0 0  0 0 0
1773149555.9720 Rx ;89svo 1 0 200  0 0 0  0 0 0  0 0 0  0 0 0
1773149556.0221 Rx ;89svo 1 0 200  0 0 0  0 0 0  0 0 0  0 0 0
1773149556.0720 Rx ;89svo 1 0 200  0 0 0  0 0 0  0 0 0  0 0 0
1773149556.1229 Rx ;89svo 1 0 200  0 0 0  0 0 0  0 0 0  0 0 0
1773149556.1727 Rx ;89svo 1 0 200  0 0 0  0 0 0  0 0 0  0 0 0
1773149556.2228 Rx ;89svo 1 0 200  0 0 0  0 0 0  0 0 0  0 0 0
1773149556.2726 Rx ;89svo 1 0 200  0 0 0  0 0 0  0 0 0  0 0 0
1773149556.3225 Rx ;89svo 1 0 200  0 0 0  0 0 0  0 0 0  0 0 0
1773149556.3724 Rx ;89svo 1 0 200  0 0 0  0 0 0  0 0 0  0 0 0
1773149556.4224 Rx ;89svo 1 0 200  0 0 0  0 0 0  0 0 0  0 0 0
1773149556.4268 Txd ;35alive
1773149556.4729 Rx ;89svo 1 0 200  0 0 0  0 0 0  0 0 0  0 0 0
1773149556.5228 Rx ;89svo 1 0 200  0 0 0  0 0 0  0 0 0  0 0 0
1773149556.5727 Rx ;89svo 1 0 200  0 0 0  0 0 0  0 0 0  0 0 0
1773149556.6227 Rx ;89svo 1 0 200  0 0 0  0 0 0  0 0 0  0 0 0
1773149556.6726 Rx ;89svo 1 0 200  0 0 0  0 0 0  0 0 0  0 0 0
1773149556.7221 Rx ;89svo 1 0 200  0 0 0  0 0 0  0 0 0  0 0 0
1773149556.7721 Rx ;89svo 1 0 200  0 0 0  0 0 0  0 0 0  0 0 0
1773149556.8223 Rx ;89svo 1 0 200  0 0 0  0 0 0  0 0 0  0 0 0
1773149556.8722 Rx ;89svo 1 0 200  0 0 0  0 0 0  0 0 0  0 0 0
1773149556.9221 Rx ;89svo 1 0 200  0 0 0  0 0 0  0 0 0  0 0 0
1773149556.9721 Rx ;89svo 1 0 200  0 0 0  0 0 0  0 0 0  0 0 0
1773149557.0221 Rx ;89svo 1 0 200  0 0 0  0 0 0  0 0 0  0 0 0
1773149557.0721 Rx ;89svo 1 0 200  0 0 0  0 0 0  0 0 0  0 0 0
1773149557.1228 Rx ;89svo 1 0 200  0 0 0  0 0 0  0 0 0  0 0 0
1773149557.1728 Rx ;89svo 1 0 200  0 0 0  0 0 0  0 0 0  0 0 0
1773149557.2229 Rx ;89svo 1 0 200  0 0 0  0 0 0  0 0 0  0 0 0
1773149557.2727 Rx ;89svo 1 0 200  0 0 0  0 0 0  0 0 0  0 0 0
1773149557.3229 Rx ;89svo 1 0 200  0 0 0  0 0 0  0 0 0  0 0 0
1773149557.3283 Txd ;35alive
1773149557.3728 Rx ;89svo 1 0 200  0 0 0  0 0 0  0 0 0  0 0 0
1773149557.4228 Rx ;89svo 1 0 200  0 0 0  0 0 0  0 0 0  0 0 0
1773149557.4726 Rx ;89svo 1 0 200  0 0 0  0 0 0  0 0 0  0 0 0
1773149557.5225 Rx ;89svo 1 0 200  0 0 0  0 0 0  0 0 0  0 0 0
1773149557.5731 Rx ;89svo 1 0 200  0 0 0  0 0 0  0 0 0  0 0 0
1773149557.6226 Rx ;89svo 1 0 200  0 0 0  0 0 0  0 0 0  0 0 0
1773149557.6726 Rx ;89svo 1 0 200  0 0 0  0 0 0  0 0 0  0 0 0
1773149557.6871 Qu 1 ;41!servo 1 0 200
1773149557.6877 Tx ;41!servo 1 0 200
1773149557.6888 Rx ;31confirm !servo 1 0 200
1773149557.7221 Rx ;89svo 1 0 200  0 0 0  0 0 0  0 0 0  0 0 0
1773149557.7720 Rx ;89svo 1 0 200  0 0 0  0 0 0  0 0 0  0 0 0
1773149557.8243 Rx ;89svo 1 0 200  0 0 0  0 0 0  0 0 0  0 0 0
1773149557.8724 Rx ;89svo 1 0 200  0 0 0  0 0 0  0 0 0  0 0 0
1773149557.9224 Rx ;89svo 1 0 200  0 0 0  0 0 0  0 0 0  0 0 0
1773149557.9724 Rx ;89svo 1 0 200  0 0 0  0 0 0  0 0 0  0 0 0
1773149558.0225 Rx ;89svo 1 0 200  0 0 0  0 0 0  0 0 0  0 0 0
1773149558.0725 Rx ;89svo 1 0 200  0 0 0  0 0 0  0 0 0  0 0 0
1773149558.1225 Rx ;89svo 1 0 200  0 0 0  0 0 0  0 0 0  0 0 0
1773149558.1722 Rx ;89svo 1 0 200  0 0 0  0 0 0  0 0 0  0 0 0
1773149558.2223 Rx ;89svo 1 0 200  0 0 0  0 0 0  0 0 0  0 0 0
1773149558.2723 Rx ;89svo 1 0 200  0 0 0  0 0 0  0 0 0  0 0 0
1773149558.3222 Rx ;89svo 1 0 200  0 0 0  0 0 0  0 0 0  0 0 0
1773149558.3722 Rx ;89svo 1 0 200  0 0 0  0 0 0  0 0 0  0 0 0
1773149558.4223 Rx ;89svo 1 0 200  0 0 0  0 0 0  0 0 0  0 0 0
1773149558.4722 Rx ;89svo 1 0 200  0 0 0  0 0 0  0 0 0  0 0 0
1773149558.5221 Rx ;89svo 1 0 200  0 0 0  0 0 0  0 0 0  0 0 0
1773149558.5731 Rx ;89svo 1 0 200  0 0 0  0 0 0  0 0 0  0 0 0
1773149558.5881 Txd ;35alive
1773149558.6227 Rx ;89svo 1 0 200  0 0 0  0 0 0  0 0 0  0 0 0
1773149558.6727 Rx ;89svo 1 0 200  0 0 0  0 0 0  0 0 0  0 0 0
1773149558.7223 Rx ;89svo 1 0 200  0 0 0  0 0 0  0 0 0  0 0 0
1773149558.7721 Rx ;89svo 1 0 200  0 0 0  0 0 0  0 0 0  0 0 0
1773149558.8221 Rx ;89svo 1 0 200  0 0 0  0 0 0  0 0 0  0 0 0
1773149558.8730 Rx ;89svo 1 0 200  0 0 0  0 0 0  0 0 0  0 0 0
1773149558.9230 Rx ;89svo 1 0 200  0 0 0  0 0 0  0 0 0  0 0 0
1773149558.9729 Rx ;89svo 1 0 200  0 0 0  0 0 0  0 0 0  0 0 0
1773149559.0226 Rx ;89svo 1 0 200  0 0 0  0 0 0  0 0 0  0 0 0
1773149559.0725 Rx ;89svo 1 0 200  0 0 0  0 0 0  0 0 0  0 0 0
1773149559.1224 Rx ;89svo 1 0 200  0 0 0  0 0 0  0 0 0  0 0 0
1773149559.1723 Rx ;89svo 1 0 200  0 0 0  0 0 0  0 0 0  0 0 0
1773149559.2224 Rx ;89svo 1 0 200  0 0 0  0 0 0  0 0 0  0 0 0
1773149559.2723 Rx ;89svo 1 0 200  0 0 0  0 0 0  0 0 0  0 0 0
1773149559.3222 Rx ;89svo 1 0 200  0 0 0  0 0 0  0 0 0  0 0 0
1773149559.3721 Rx ;89svo 1 0 200  0 0 0  0 0 0  0 0 0  0 0 0
1773149559.4221 Rx ;89svo 1 0 200  0 0 0  0 0 0  0 0 0  0 0 0
1773149559.4721 Rx ;89svo 1 0 200  0 0 0  0 0 0  0 0 0  0 0 0
1773149559.4892 Txd ;35alive
1773149559.5226 Rx ;89svo 1 0 200  0 0 0  0 0 0  0 0 0  0 0 0
1773149559.5726 Rx ;89svo 1 0 200  0 0 0  0 0 0  0 0 0  0 0 0
1773149559.6227 Rx ;89svo 1 0 200  0 0 0  0 0 0  0 0 0  0 0 0
1773149559.6727 Rx ;89svo 1 0 200  0 0 0  0 0 0  0 0 0  0 0 0
1773149559.7231 Rx ;89svo 1 0 200  0 0 0  0 0 0  0 0 0  0 0 0
1773149559.7730 Rx ;89svo 1 0 200  0 0 0  0 0 0  0 0 0  0 0 0
1773149559.8230 Rx ;89svo 1 0 200  0 0 0  0 0 0  0 0 0  0 0 0
1773149559.8729 Rx ;89svo 1 0 200  0 0 0  0 0 0  0 0 0  0 0 0
1773149559.9229 Rx ;89svo 1 0 200  0 0 0  0 0 0  0 0 0  0 0 0
1773149559.9728 Rx ;89svo 1 0 200  0 0 0  0 0 0  0 0 0  0 0 0
1773149560.0229 Rx ;89svo 1 0 200  0 0 0  0 0 0  0 0 0  0 0 0
1773149560.0728 Rx ;89svo 1 0 200  0 0 0  0 0 0  0 0 0  0 0 0
1773149560.1227 Rx ;89svo 1 0 200  0 0 0  0 0 0  0 0 0  0 0 0
1773149560.1726 Rx ;89svo 1 0 200  0 0 0  0 0 0  0 0 0  0 0 0
1773149560.2226 Rx ;89svo 1 0 200  0 0 0  0 0 0  0 0 0  0 0 0
1773149560.2726 Rx ;89svo 1 0 200  0 0 0  0 0 0  0 0 0  0 0 0
1773149560.3225 Rx ;89svo 1 0 200  0 0 0  0 0 0  0 0 0  0 0 0
1773149560.3725 Rx ;89svo 1 0 200  0 0 0  0 0 0  0 0 0  0 0 0
1773149560.3907 Txd ;35alive
1773149560.4231 Rx ;89svo 1 0 200  0 0 0  0 0 0  0 0 0  0 0 0
1773149560.4730 Rx ;89svo 1 0 200  0 0 0  0 0 0  0 0 0  0 0 0
1773149560.5230 Rx ;89svo 1 0 200  0 0 0  0 0 0  0 0 0  0 0 0
1773149560.5729 Rx ;89svo 1 0 200  0 0 0  0 0 0  0 0 0  0 0 0
1773149560.6229 Rx ;89svo 1 0 200  0 0 0  0 0 0  0 0 0  0 0 0
1773149560.6729 Rx ;89svo 1 0 200  0 0 0  0 0 0  0 0 0  0 0 0
1773149560.7230 Rx ;89svo 1 0 200  0 0 0  0 0 0  0 0 0  0 0 0
1773149560.7728 Rx ;89svo 1 0 200  0 0 0  0 0 0  0 0 0  0 0 0
1773149560.8227 Rx ;89svo 1 0 200  0 0 0  0 0 0  0 0 0  0 0 0
1773149560.8725 Rx ;89svo 1 0 200  0 0 0  0 0 0  0 0 0  0 0 0
1773149560.9224 Rx ;89svo 1 0 200  0 0 0  0 0 0  0 0 0  0 0 0
1773149560.9725 Rx ;89svo 1 0 200  0 0 0  0 0 0  0 0 0  0 0 0
1773149561.0224 Rx ;89svo 1 0 200  0 0 0  0 0 0  0 0 0  0 0 0
1773149561.0722 Rx ;89svo 1 0 200  0 0 0  0 0 0  0 0 0  0 0 0
1773149561.1232 Rx ;89svo 1 0 200  0 0 0  0 0 0  0 0 0  0 0 0
1773149561.1731 Rx ;89svo 1 0 200  0 0 0  0 0 0  0 0 0  0 0 0
1773149561.2230 Rx ;89svo 1 0 200  0 0 0  0 0 0  0 0 0  0 0 0
1773149561.2729 Rx ;89svo 1 0 200  0 0 0  0 0 0  0 0 0  0 0 0
1773149561.2920 Txd ;35alive
1773149561.3223 Rx ;89svo 1 0 200  0 0 0  0 0 0  0 0 0  0 0 0
1773149561.3732 Rx ;89svo 1 0 200  0 0 0  0 0 0  0 0 0  0 0 0
1773149561.4232 Rx ;89svo 1 0 200  0 0 0  0 0 0  0 0 0  0 0 0
1773149561.4722 Rx ;89svo 1 0 200  0 0 0  0 0 0  0 0 0  0 0 0
1773149561.5232 Rx ;89svo 1 0 200  0 0 0  0 0 0  0 0 0  0 0 0
1773149561.5731 Rx ;89svo 1 0 200  0 0 0  0 0 0  0 0 0  0 0 0
1773149561.6229 Rx ;89svo 1 0 200  0 0 0  0 0 0  0 0 0  0 0 0
1773149561.6728 Rx ;89svo 1 0 200  0 0 0  0 0 0  0 0 0  0 0 0
1773149561.7227 Rx ;89svo 1 0 200  0 0 0  0 0 0  0 0 0  0 0 0
1773149561.7725 Rx ;89svo 1 0 200  0 0 0  0 0 0  0 0 0  0 0 0
1773149561.8225 Rx ;89svo 1 0 200  0 0 0  0 0 0  0 0 0  0 0 0
1773149561.8725 Rx ;89svo 1 0 200  0 0 0  0 0 0  0 0 0  0 0 0
1773149561.9225 Rx ;89svo 1 0 200  0 0 0  0 0 0  0 0 0  0 0 0
1773149561.9724 Rx ;89svo 1 0 200  0 0 0  0 0 0  0 0 0  0 0 0
1773149562.0224 Rx ;89svo 1 0 200  0 0 0  0 0 0  0 0 0  0 0 0
1773149562.0723 Rx ;89svo 1 0 200  0 0 0  0 0 0  0 0 0  0 0 0
1773149562.1233 Rx ;89svo 1 0 200  0 0 0  0 0 0  0 0 0  0 0 0
1773149562.1732 Rx ;89svo 1 0 200  0 0 0  0 0 0  0 0 0  0 0 0
1773149562.1935 Txd ;35alive
1773149562.2227 Rx ;89svo 1 0 200  0 0 0  0 0 0  0 0 0  0 0 0
1773149562.2727 Rx ;89svo 1 0 200  0 0 0  0 0 0  0 0 0  0 0 0
1773149562.3226 Rx ;89svo 1 0 200  0 0 0  0 0 0  0 0 0  0 0 0
1773149562.3727 Rx ;89svo 1 0 200  0 0 0  0 0 0  0 0 0  0 0 0
1773149562.4227 Rx ;89svo 1 0 200  0 0 0  0 0 0  0 0 0  0 0 0
1773149562.4726 Rx ;89svo 1 0 200  0 0 0  0 0 0  0 0 0  0 0 0
1773149562.5226 Rx ;89svo 1 0 200  0 0 0  0 0 0  0 0 0  0 0 0
1773149562.5728 Rx ;89svo 1 0 200  0 0 0  0 0 0  0 0 0  0 0 0
1773149562.6225 Rx ;89svo 1 0 200  0 0 0  0 0 0  0 0 0  0 0 0
1773149562.6732 Rx ;89svo 1 0 200  0 0 0  0 0 0  0 0 0  0 0 0
1773149562.7224 Rx ;89svo 1 0 200  0 0 0  0 0 0  0 0 0  0 0 0
1773149562.7726 Rx ;89svo 1 0 200  0 0 0  0 0 0  0 0 0  0 0 0
1773149562.8230 Rx ;89svo 1 0 200  0 0 0  0 0 0  0 0 0  0 0 0
1773149562.8731 Rx ;89svo 1 0 200  0 0 0  0 0 0  0 0 0  0 0 0
1773149562.9227 Rx ;89svo 1 0 200  0 0 0  0 0 0  0 0 0  0 0 0
1773149562.9731 Rx ;89svo 1 0 200  0 0 0  0 0 0  0 0 0  0 0 0
1773149563.0225 Rx ;89svo 1 0 200  0 0 0  0 0 0  0 0 0  0 0 0
1773149563.0727 Rx ;89svo 1 0 200  0 0 0  0 0 0  0 0 0  0 0 0
1773149563.0951 Txd ;35alive
1773149563.1232 Rx ;89svo 1 0 200  0 0 0  0 0 0  0 0 0  0 0 0
1773149563.1732 Rx ;89svo 1 0 200  0 0 0  0 0 0  0 0 0  0 0 0
1773149563.2232 Rx ;89svo 1 0 200  0 0 0  0 0 0  0 0 0  0 0 0
1773149563.2728 Rx ;89svo 1 0 200  0 0 0  0 0 0  0 0 0  0 0 0
1773149563.3227 Rx ;89svo 1 0 200  0 0 0  0 0 0  0 0 0  0 0 0
1773149563.3728 Rx ;89svo 1 0 200  0 0 0  0 0 0  0 0 0  0 0 0
1773149563.4228 Rx ;89svo 1 0 200  0 0 0  0 0 0  0 0 0  0 0 0
1773149563.4727 Rx ;89svo 1 0 200  0 0 0  0 0 0  0 0 0  0 0 0
1773149563.5227 Rx ;89svo 1 0 200  0 0 0  0 0 0  0 0 0  0 0 0
1773149563.5736 Rx ;89svo 1 0 200  0 0 0  0 0 0  0 0 0  0 0 0
1773149563.6238 Rx ;89svo 1 0 200  0 0 0  0 0 0  0 0 0  0 0 0
1773149563.6737 Rx ;89svo 1 0 200  0 0 0  0 0 0  0 0 0  0 0 0
1773149563.7237 Rx ;89svo 1 0 200  0 0 0  0 0 0  0 0 0  0 0 0
1773149563.7736 Rx ;89svo 1 0 200  0 0 0  0 0 0  0 0 0  0 0 0
1773149563.8237 Rx ;89svo 1 0 200  0 0 0  0 0 0  0 0 0  0 0 0
1773149563.8737 Rx ;89svo 1 0 200  0 0 0  0 0 0  0 0 0  0 0 0
1773149563.9236 Rx ;89svo 1 0 200  0 0 0  0 0 0  0 0 0  0 0 0
1773149563.9737 Rx ;89svo 1 0 200  0 0 0  0 0 0  0 0 0  0 0 0
1773149563.9962 Txd ;35alive
1773149564.0232 Rx ;89svo 1 0 200  0 0 0  0 0 0  0 0 0  0 0 0
1773149564.0731 Rx ;89svo 1 0 200  0 0 0  0 0 0  0 0 0  0 0 0
1773149564.1240 Rx ;89svo 1 0 200  0 0 0  0 0 0  0 0 0  0 0 0
1773149564.1739 Rx ;89svo 1 0 200  0 0 0  0 0 0  0 0 0  0 0 0
1773149564.2239 Rx ;89svo 1 0 200  0 0 0  0 0 0  0 0 0  0 0 0
1773149564.2737 Rx ;89svo 1 0 200  0 0 0  0 0 0  0 0 0  0 0 0
1773149564.3236 Rx ;89svo 1 0 200  0 0 0  0 0 0  0 0 0  0 0 0
1773149564.3737 Rx ;89svo 1 0 200  0 0 0  0 0 0  0 0 0  0 0 0
1773149564.4237 Rx ;89svo 1 0 200  0 0 0  0 0 0  0 0 0  0 0 0
1773149564.4736 Rx ;89svo 1 0 200  0 0 0  0 0 0  0 0 0  0 0 0
1773149564.5234 Rx ;89svo 1 0 200  0 0 0  0 0 0  0 0 0  0 0 0
1773149564.5733 Rx ;89svo 1 0 200  0 0 0  0 0 0  0 0 0  0 0 0
1773149564.6234 Rx ;89svo 1 0 200  0 0 0  0 0 0  0 0 0  0 0 0
1773149564.6732 Rx ;89svo 1 0 200  0 0 0  0 0 0  0 0 0  0 0 0
1773149564.7231 Rx ;89svo 1 0 200  0 0 0  0 0 0  0 0 0  0 0 0
1773149564.7740 Rx ;89svo 1 0 200  0 0 0  0 0 0  0 0 0  0 0 0
1773149564.8240 Rx ;89svo 1 0 200  0 0 0  0 0 0  0 0 0  0 0 0
1773149564.8739 Rx ;89svo 1 0 200  0 0 0  0 0 0  0 0 0  0 0 0
1773149564.8973 Txd ;35alive
1773149564.9233 Rx ;89svo 1 0 200  0 0 0  0 0 0  0 0 0  0 0 0
1773149564.9732 Rx ;89svo 1 0 200  0 0 0  0 0 0  0 0 0  0 0 0
1773149565.0232 Rx ;89svo 1 0 200  0 0 0  0 0 0  0 0 0  0 0 0
1773149565.0741 Rx ;89svo 1 0 200  0 0 0  0 0 0  0 0 0  0 0 0
1773149565.1240 Rx ;89svo 1 0 200  0 0 0  0 0 0  0 0 0  0 0 0
1773149565.1738 Rx ;89svo 1 0 200  0 0 0  0 0 0  0 0 0  0 0 0
1773149565.2238 Rx ;89svo 1 0 200  0 0 0  0 0 0  0 0 0  0 0 0
1773149565.2736 Rx ;89svo 1 0 200  0 0 0  0 0 0  0 0 0  0 0 0
1773149565.3234 Rx ;89svo 1 0 200  0 0 0  0 0 0  0 0 0  0 0 0
1773149565.3733 Rx ;89svo 1 0 200  0 0 0  0 0 0  0 0 0  0 0 0
1773149565.4233 Rx ;89svo 1 0 200  0 0 0  0 0 0  0 0 0  0 0 0
1773149565.4732 Rx ;89svo 1 0 200  0 0 0  0 0 0  0 0 0  0 0 0
1773149565.5241 Rx ;89svo 1 0 200  0 0 0  0 0 0  0 0 0  0 0 0
1773149565.5740 Rx ;89svo 1 0 200  0 0 0  0 0 0  0 0 0  0 0 0
1773149565.6233 Rx ;89svo 1 0 200  0 0 0  0 0 0  0 0 0  0 0 0
1773149565.6734 Rx ;89svo 1 0 200  0 0 0  0 0 0  0 0 0  0 0 0
1773149565.7233 Rx ;89svo 1 0 200  0 0 0  0 0 0  0 0 0  0 0 0
1773149565.7733 Rx ;89svo 1 0 200  0 0 0  0 0 0  0 0 0  0 0 0
1773149565.7981 Txd ;35alive
1773149565.8232 Rx ;89svo 1 0 200  0 0 0  0 0 0  0 0 0  0 0 0
1773149565.8732 Rx ;89svo 1 0 200  0 0 0  0 0 0  0 0 0  0 0 0
1773149565.9232 Rx ;89svo 1 0 200  0 0 0  0 0 0  0 0 0  0 0 0
1773149565.9741 Rx ;89svo 1 0 200  0 0 0  0 0 0  0 0 0  0 0 0
1773149566.0242 Rx ;89svo 1 0 200  0 0 0  0 0 0  0 0 0  0 0 0
1773149566.0741 Rx ;89svo 1 0 200  0 0 0  0 0 0  0 0 0  0 0 0
1773149566.0772 Qu 1 ;41!servo 1 0 200
1773149566.0773 Qu 2 ;92!stop
1773149566.0774 Txd ;21motv 0 0
1773149566.9788 Txd ;35alive
1773149567.0396 Txd ;31leave
1773149567.0402 Txd ;44disp stopped
