% Servo logfile (Teensy 0)
% 1 	Time (sec)
% 2 	Servo number
% 3 	Requested position
% 4,5,6 	Enabled, position, velocity
0.000 0 -900 0 0 0
1773149667.841 0 -900 1 -2 200
1773149667.841 1 0 0 0 0
1773149667.841 2 0 0 0 0
1773149667.844 0 -900 1 -52 200
1773149667.893 0 -900 1 -102 200
1773149667.943 0 -900 1 -152 200
1773149667.993 0 -900 1 -202 200
1773149668.043 0 -900 1 -252 200
1773149668.094 0 -900 1 -302 200
1773149668.143 0 -900 1 -352 200
1773149668.194 0 -900 1 -402 200
1773149668.243 0 -900 1 -452 200
1773149668.294 0 -900 1 -502 200
1773149668.343 0 -900 1 -552 200
1773149668.393 0 -900 1 -602 200
1773149668.444 0 -900 1 -652 200
1773149668.493 0 -900 1 -702 200
1773149668.544 0 -900 1 -752 200
1773149668.594 0 -900 1 -802 200
1773149668.644 0 -900 1 -852 200
1773149668.694 0 -900 1 -900 200
1773149676.794 0 -250 1 -854 200
1773149676.844 0 -250 1 -804 200
1773149676.894 0 -250 1 -754 200
1773149676.944 0 -250 1 -704 200
1773149676.993 0 -250 1 -654 200
1773149677.043 0 -250 1 -604 200
1773149677.094 0 -250 1 -554 200
1773149677.144 0 -250 1 -504 200
1773149677.194 0 -250 1 -454 200
1773149677.244 0 -250 1 -404 200
1773149677.294 0 -250 1 -354 200
1773149677.344 0 -250 1 -304 200
1773149677.394 0 -250 1 -254 200
1773149677.444 0 -250 1 -250 200
1773149691.894 0 120 1 -232 200
1773149691.945 0 120 1 -182 200
1773149691.994 0 120 1 -132 200
1773149692.044 0 120 1 -82 200
1773149692.094 0 120 1 -32 200
1773149692.144 0 120 1 18 200
1773149692.194 0 120 1 68 200
1773149692.244 0 120 1 118 200
1773149692.294 0 120 1 120 200
1773149704.445 0 -900 1 78 200
1773149704.495 0 -900 1 28 200
1773149704.546 0 -900 1 -22 200
1773149704.596 0 -900 1 -72 200
1773149704.646 0 -900 1 -122 200
1773149704.696 0 -900 1 -172 200
1773149704.746 0 -900 1 -222 200
1773149704.796 0 -900 1 -272 200
1773149704.846 0 -900 1 -322 200
1773149704.896 0 -900 1 -372 200
1773149704.946 0 -900 1 -422 200
1773149704.995 0 -900 1 -472 200
1773149705.045 0 -900 1 -522 200
1773149705.095 0 -900 1 -572 200
1773149705.145 0 -900 1 -622 200
1773149705.196 0 -900 1 -672 200
1773149705.246 0 -900 1 -722 200
1773149705.296 0 -900 1 -772 200
1773149705.347 0 -900 1 -822 200
1773149705.397 0 -900 1 -872 200
1773149705.445 0 -900 1 -900 200
1773149769.149 0 120 1 -872 200
1773149769.199 0 120 1 -822 200
1773149769.249 0 120 1 -772 200
1773149769.299 0 120 1 -722 200
1773149769.349 0 120 1 -672 200
1773149769.399 0 120 1 -622 200
1773149769.449 0 120 1 -572 200
1773149769.499 0 120 1 -522 200
1773149769.548 0 120 1 -472 200
1773149769.599 0 120 1 -422 200
1773149769.649 0 120 1 -372 200
1773149769.699 0 120 1 -322 200
1773149769.749 0 120 1 -272 200
1773149769.799 0 120 1 -222 200
1773149769.849 0 120 1 -172 200
1773149769.899 0 120 1 -122 200
1773149769.949 0 120 1 -72 200
1773149769.999 0 120 1 -22 200
1773149770.049 0 120 1 28 200
1773149770.098 0 120 1 78 200
1773149770.149 0 120 1 120 200
1773149774.499 0 -250 1 114 200
1773149774.549 0 -250 1 64 200
1773149774.599 0 -250 1 14 200
1773149774.649 0 -250 1 -36 200
1773149774.699 0 -250 1 -86 200
1773149774.749 0 -250 1 -136 200
1773149774.799 0 -250 1 -186 200
1773149774.850 0 -250 1 -236 200
1773149774.900 0 -250 1 -250 200
1773149778.850 0 -900 1 -298 200
1773149778.900 0 -900 1 -348 200
1773149778.950 0 -900 1 -398 200
1773149779.000 0 -900 1 -448 200
1773149779.050 0 -900 1 -498 200
1773149779.100 0 -900 1 -548 200
1773149779.150 0 -900 1 -598 200
1773149779.200 0 -900 1 -648 200
1773149779.250 0 -900 1 -698 200
1773149779.300 0 -900 1 -748 200
1773149779.350 0 -900 1 -798 200
1773149779.400 0 -900 1 -848 200
1773149779.450 0 -900 1 -898 200
1773149779.500 0 -900 1 -900 200
