% teensy communication to/from Teensy
% 1 	Time (sec) from system
% 2 	(Tx) Send to Teensy
%   	(Rx) Received from Teensy
%   	(Qu N) Put in queue to Teensy, now queue size N
% 3 	Message string queued, send or received
1773149509.6081 ## Connection to USB open
1773149509.6132 Txd ;35alive
1773149509.6138 Txd ;28hbti
1773149509.6144 Txd ;31leave
1773149509.6150 Rx ;40hbt 10000.3164 105 1033 15.62 4 8 8.9 0.39 0
1773149509.6178 Qu 1 ;74!batcal 1.000000
1773149509.6184 Tx ;74!batcal 1.000000
1773149509.6195 Rx ;06# USB back up at 10000.320s; went off at 9700.700s (since Teensy boot) as failed sending and no incoming
1773149509.6197 Rx ;77# 10000.320 Unhandled message: batcal 1.000000
1773149509.6198 Rx ;64confirm !batcal 1.000000
1773149509.6220 Qu 1 ;24!disp #  10.197.218.199
1773149509.6221 Tx ;24!disp #  10.197.218.199
1773149509.6232 Rx ;14confirm !disp #  10.197.218.199
1773149509.6283 Qu 1 ;95!enc0
1773149509.6286 Tx ;95!enc0
1773149509.6297 Rx ;85confirm !enc0
1773149509.7079 Qu 1 ;41!servo 1 0 200
1773149509.7079 Qu 2 ;81!sub svo 50
1773149509.7083 Tx ;41!servo 1 0 200
1773149509.7093 Rx ;31confirm !servo 1 0 200
1773149509.7094 Tx ;81!sub svo 50
1773149509.7106 Rx ;71confirm !sub svo 50
1773149509.7106 Rx ;88svo 0 0 200  0 0 0  0 0 0  0 0 0  0 0 0
1773149509.7602 Rx ;89svo 1 0 200  0 0 0  0 0 0  0 0 0  0 0 0
1773149509.8104 Rx ;89svo 1 0 200  0 0 0  0 0 0  0 0 0  0 0 0
1773149509.8598 Rx ;89svo 1 0 200  0 0 0  0 0 0  0 0 0  0 0 0
1773149509.9099 Rx ;89svo 1 0 200  0 0 0  0 0 0  0 0 0  0 0 0
1773149509.9599 Rx ;89svo 1 0 200  0 0 0  0 0 0  0 0 0  0 0 0
1773149510.0103 Rx ;89svo 1 0 200  0 0 0  0 0 0  0 0 0  0 0 0
1773149510.0605 Rx ;89svo 1 0 200  0 0 0  0 0 0  0 0 0  0 0 0
1773149510.1104 Rx ;89svo 1 0 200  0 0 0  0 0 0  0 0 0  0 0 0
1773149510.1605 Rx ;89svo 1 0 200  0 0 0  0 0 0  0 0 0  0 0 0
1773149510.2098 Rx ;89svo 1 0 200  0 0 0  0 0 0  0 0 0  0 0 0
1773149510.2597 Rx ;89svo 1 0 200  0 0 0  0 0 0  0 0 0  0 0 0
1773149510.3096 Rx ;89svo 1 0 200  0 0 0  0 0 0  0 0 0  0 0 0
1773149510.3606 Rx ;89svo 1 0 200  0 0 0  0 0 0  0 0 0  0 0 0
1773149510.4106 Rx ;89svo 1 0 200  0 0 0  0 0 0  0 0 0  0 0 0
1773149510.4606 Rx ;89svo 1 0 200  0 0 0  0 0 0  0 0 0  0 0 0
1773149510.5105 Rx ;89svo 1 0 200  0 0 0  0 0 0  0 0 0  0 0 0
1773149510.5605 Rx ;89svo 1 0 200  0 0 0  0 0 0  0 0 0  0 0 0
1773149510.6080 Txd ;35alive
1773149510.6097 Rx ;89svo 1 0 200  0 0 0  0 0 0  0 0 0  0 0 0
1773149510.6607 Rx ;89svo 1 0 200  0 0 0  0 0 0  0 0 0  0 0 0
1773149510.7098 Rx ;89svo 1 0 200  0 0 0  0 0 0  0 0 0  0 0 0
1773149510.7600 Rx ;89svo 1 0 200  0 0 0  0 0 0  0 0 0  0 0 0
1773149510.8102 Rx ;89svo 1 0 200  0 0 0  0 0 0  0 0 0  0 0 0
1773149510.8602 Rx ;89svo 1 0 200  0 0 0  0 0 0  0 0 0  0 0 0
1773149510.9101 Rx ;89svo 1 0 200  0 0 0  0 0 0  0 0 0  0 0 0
1773149510.9600 Rx ;89svo 1 0 200  0 0 0  0 0 0  0 0 0  0 0 0
1773149511.0097 Rx ;89svo 1 0 200  0 0 0  0 0 0  0 0 0  0 0 0
1773149511.0597 Rx ;89svo 1 0 200  0 0 0  0 0 0  0 0 0  0 0 0
1773149511.1098 Rx ;89svo 1 0 200  0 0 0  0 0 0  0 0 0  0 0 0
1773149511.1600 Rx ;89svo 1 0 200  0 0 0  0 0 0  0 0 0  0 0 0
1773149511.2107 Rx ;89svo 1 0 200  0 0 0  0 0 0  0 0 0  0 0 0
1773149511.2601 Rx ;89svo 1 0 200  0 0 0  0 0 0  0 0 0  0 0 0
1773149511.3100 Rx ;89svo 1 0 200  0 0 0  0 0 0  0 0 0  0 0 0
1773149511.3600 Rx ;89svo 1 0 200  0 0 0  0 0 0  0 0 0  0 0 0
1773149511.4105 Rx ;89svo 1 0 200  0 0 0  0 0 0  0 0 0  0 0 0
1773149511.4605 Rx ;89svo 1 0 200  0 0 0  0 0 0  0 0 0  0 0 0
1773149511.5097 Txd ;35alive
1773149511.5103 Rx ;89svo 1 0 200  0 0 0  0 0 0  0 0 0  0 0 0
1773149511.5602 Rx ;89svo 1 0 200  0 0 0  0 0 0  0 0 0  0 0 0
1773149511.6102 Rx ;89svo 1 0 200  0 0 0  0 0 0  0 0 0  0 0 0
1773149511.6601 Rx ;89svo 1 0 200  0 0 0  0 0 0  0 0 0  0 0 0
1773149511.7101 Rx ;89svo 1 0 200  0 0 0  0 0 0  0 0 0  0 0 0
1773149511.7600 Rx ;89svo 1 0 200  0 0 0  0 0 0  0 0 0  0 0 0
1773149511.8100 Rx ;89svo 1 0 200  0 0 0  0 0 0  0 0 0  0 0 0
1773149511.8600 Rx ;89svo 1 0 200  0 0 0  0 0 0  0 0 0  0 0 0
1773149511.9099 Rx ;89svo 1 0 200  0 0 0  0 0 0  0 0 0  0 0 0
1773149511.9606 Rx ;89svo 1 0 200  0 0 0  0 0 0  0 0 0  0 0 0
1773149512.0107 Rx ;89svo 1 0 200  0 0 0  0 0 0  0 0 0  0 0 0
1773149512.0597 Rx ;89svo 1 0 200  0 0 0  0 0 0  0 0 0  0 0 0
1773149512.1097 Rx ;89svo 1 0 200  0 0 0  0 0 0  0 0 0  0 0 0
1773149512.1607 Rx ;89svo 1 0 200  0 0 0  0 0 0  0 0 0  0 0 0
1773149512.2097 Rx ;89svo 1 0 200  0 0 0  0 0 0  0 0 0  0 0 0
1773149512.2600 Rx ;89svo 1 0 200  0 0 0  0 0 0  0 0 0  0 0 0
1773149512.3098 Rx ;89svo 1 0 200  0 0 0  0 0 0  0 0 0  0 0 0
1773149512.3598 Rx ;89svo 1 0 200  0 0 0  0 0 0  0 0 0  0 0 0
1773149512.4098 Rx ;89svo 1 0 200  0 0 0  0 0 0  0 0 0  0 0 0
1773149512.4110 Txd ;35alive
1773149512.4603 Rx ;89svo 1 0 200  0 0 0  0 0 0  0 0 0  0 0 0
1773149512.5102 Rx ;89svo 1 0 200  0 0 0  0 0 0  0 0 0  0 0 0
1773149512.5601 Rx ;89svo 1 0 200  0 0 0  0 0 0  0 0 0  0 0 0
1773149512.6101 Rx ;89svo 1 0 200  0 0 0  0 0 0  0 0 0  0 0 0
1773149512.6601 Rx ;89svo 1 0 200  0 0 0  0 0 0  0 0 0  0 0 0
1773149512.7101 Rx ;89svo 1 0 200  0 0 0  0 0 0  0 0 0  0 0 0
1773149512.7600 Rx ;89svo 1 0 200  0 0 0  0 0 0  0 0 0  0 0 0
1773149512.8100 Rx ;89svo 1 0 200  0 0 0  0 0 0  0 0 0  0 0 0
1773149512.8599 Rx ;89svo 1 0 200  0 0 0  0 0 0  0 0 0  0 0 0
1773149512.9099 Rx ;89svo 1 0 200  0 0 0  0 0 0  0 0 0  0 0 0
1773149512.9600 Rx ;89svo 1 0 200  0 0 0  0 0 0  0 0 0  0 0 0
1773149513.0099 Rx ;89svo 1 0 200  0 0 0  0 0 0  0 0 0  0 0 0
1773149513.0602 Rx ;89svo 1 0 200  0 0 0  0 0 0  0 0 0  0 0 0
1773149513.1101 Rx ;89svo 1 0 200  0 0 0  0 0 0  0 0 0  0 0 0
1773149513.1600 Rx ;89svo 1 0 200  0 0 0  0 0 0  0 0 0  0 0 0
1773149513.2101 Rx ;89svo 1 0 200  0 0 0  0 0 0  0 0 0  0 0 0
1773149513.2600 Rx ;89svo 1 0 200  0 0 0  0 0 0  0 0 0  0 0 0
1773149513.3099 Rx ;89svo 1 0 200  0 0 0  0 0 0  0 0 0  0 0 0
1773149513.3121 Txd ;35alive
1773149513.3604 Rx ;89svo 1 0 200  0 0 0  0 0 0  0 0 0  0 0 0
1773149513.4105 Rx ;89svo 1 0 200  0 0 0  0 0 0  0 0 0  0 0 0
1773149513.4598 Rx ;89svo 1 0 200  0 0 0  0 0 0  0 0 0  0 0 0
1773149513.5106 Rx ;89svo 1 0 200  0 0 0  0 0 0  0 0 0  0 0 0
1773149513.5602 Rx ;89svo 1 0 200  0 0 0  0 0 0  0 0 0  0 0 0
1773149513.6102 Rx ;89svo 1 0 200  0 0 0  0 0 0  0 0 0  0 0 0
1773149513.6608 Rx ;89svo 1 0 200  0 0 0  0 0 0  0 0 0  0 0 0
1773149513.7105 Rx ;89svo 1 0 200  0 0 0  0 0 0  0 0 0  0 0 0
1773149513.7601 Rx ;89svo 1 0 200  0 0 0  0 0 0  0 0 0  0 0 0
1773149513.8102 Rx ;89svo 1 0 200  0 0 0  0 0 0  0 0 0  0 0 0
1773149513.8599 Rx ;89svo 1 0 200  0 0 0  0 0 0  0 0 0  0 0 0
1773149513.9105 Rx ;89svo 1 0 200  0 0 0  0 0 0  0 0 0  0 0 0
1773149513.9603 Rx ;89svo 1 0 200  0 0 0  0 0 0  0 0 0  0 0 0
1773149514.0105 Rx ;89svo 1 0 200  0 0 0  0 0 0  0 0 0  0 0 0
1773149514.0599 Rx ;89svo 1 0 200  0 0 0  0 0 0  0 0 0  0 0 0
1773149514.1109 Rx ;89svo 1 0 200  0 0 0  0 0 0  0 0 0  0 0 0
1773149514.1600 Rx ;89svo 1 0 200  0 0 0  0 0 0  0 0 0  0 0 0
1773149514.1903 Qu 1 ;41!servo 1 0 200
1773149514.1911 Tx ;41!servo 1 0 200
1773149514.1922 Rx ;31confirm !servo 1 0 200
1773149514.2103 Rx ;89svo 1 0 200  0 0 0  0 0 0  0 0 0  0 0 0
1773149514.2605 Rx ;89svo 1 0 200  0 0 0  0 0 0  0 0 0  0 0 0
1773149514.3105 Rx ;89svo 1 0 200  0 0 0  0 0 0  0 0 0  0 0 0
1773149514.3605 Rx ;89svo 1 0 200  0 0 0  0 0 0  0 0 0  0 0 0
1773149514.4105 Rx ;89svo 1 0 200  0 0 0  0 0 0  0 0 0  0 0 0
1773149514.4604 Rx ;89svo 1 0 200  0 0 0  0 0 0  0 0 0  0 0 0
1773149514.5104 Rx ;89svo 1 0 200  0 0 0  0 0 0  0 0 0  0 0 0
1773149514.5603 Rx ;89svo 1 0 200  0 0 0  0 0 0  0 0 0  0 0 0
1773149514.6103 Rx ;89svo 1 0 200  0 0 0  0 0 0  0 0 0  0 0 0
1773149514.6602 Rx ;89svo 1 0 200  0 0 0  0 0 0  0 0 0  0 0 0
1773149514.7101 Rx ;89svo 1 0 200  0 0 0  0 0 0  0 0 0  0 0 0
1773149514.7601 Rx ;89svo 1 0 200  0 0 0  0 0 0  0 0 0  0 0 0
1773149514.8101 Rx ;89svo 1 0 200  0 0 0  0 0 0  0 0 0  0 0 0
1773149514.8600 Rx ;89svo 1 0 200  0 0 0  0 0 0  0 0 0  0 0 0
1773149514.9099 Rx ;89svo 1 0 200  0 0 0  0 0 0  0 0 0  0 0 0
1773149514.9599 Rx ;89svo 1 0 200  0 0 0  0 0 0  0 0 0  0 0 0
1773149515.0099 Rx ;89svo 1 0 200  0 0 0  0 0 0  0 0 0  0 0 0
1773149515.0600 Rx ;89svo 1 0 200  0 0 0  0 0 0  0 0 0  0 0 0
1773149515.0909 Txd ;35alive
1773149515.1111 Rx ;89svo 1 0 200  0 0 0  0 0 0  0 0 0  0 0 0
1773149515.1601 Rx ;89svo 1 0 200  0 0 0  0 0 0  0 0 0  0 0 0
1773149515.2100 Rx ;89svo 1 0 200  0 0 0  0 0 0  0 0 0  0 0 0
1773149515.2599 Rx ;89svo 1 0 200  0 0 0  0 0 0  0 0 0  0 0 0
1773149515.3108 Rx ;89svo 1 0 200  0 0 0  0 0 0  0 0 0  0 0 0
1773149515.3607 Rx ;89svo 1 0 200  0 0 0  0 0 0  0 0 0  0 0 0
1773149515.4107 Rx ;89svo 1 0 200  0 0 0  0 0 0  0 0 0  0 0 0
1773149515.4606 Rx ;89svo 1 0 200  0 0 0  0 0 0  0 0 0  0 0 0
1773149515.5105 Rx ;89svo 1 0 200  0 0 0  0 0 0  0 0 0  0 0 0
1773149515.5604 Rx ;89svo 1 0 200  0 0 0  0 0 0  0 0 0  0 0 0
1773149515.6104 Rx ;89svo 1 0 200  0 0 0  0 0 0  0 0 0  0 0 0
1773149515.6604 Rx ;89svo 1 0 200  0 0 0  0 0 0  0 0 0  0 0 0
1773149515.7103 Rx ;89svo 1 0 200  0 0 0  0 0 0  0 0 0  0 0 0
1773149515.7603 Rx ;89svo 1 0 200  0 0 0  0 0 0  0 0 0  0 0 0
1773149515.8103 Rx ;89svo 1 0 200  0 0 0  0 0 0  0 0 0  0 0 0
1773149515.8602 Rx ;89svo 1 0 200  0 0 0  0 0 0  0 0 0  0 0 0
1773149515.9101 Rx ;89svo 1 0 200  0 0 0  0 0 0  0 0 0  0 0 0
1773149515.9602 Rx ;89svo 1 0 200  0 0 0  0 0 0  0 0 0  0 0 0
1773149515.9924 Txd ;35alive
1773149516.0100 Rx ;89svo 1 0 200  0 0 0  0 0 0  0 0 0  0 0 0
1773149516.0609 Rx ;89svo 1 0 200  0 0 0  0 0 0  0 0 0  0 0 0
1773149516.1105 Rx ;89svo 1 0 200  0 0 0  0 0 0  0 0 0  0 0 0
1773149516.1606 Rx ;89svo 1 0 200  0 0 0  0 0 0  0 0 0  0 0 0
1773149516.2102 Rx ;89svo 1 0 200  0 0 0  0 0 0  0 0 0  0 0 0
1773149516.2609 Rx ;89svo 1 0 200  0 0 0  0 0 0  0 0 0  0 0 0
1773149516.3100 Rx ;89svo 1 0 200  0 0 0  0 0 0  0 0 0  0 0 0
1773149516.3607 Rx ;89svo 1 0 200  0 0 0  0 0 0  0 0 0  0 0 0
1773149516.4107 Rx ;89svo 1 0 200  0 0 0  0 0 0  0 0 0  0 0 0
1773149516.4608 Rx ;89svo 1 0 200  0 0 0  0 0 0  0 0 0  0 0 0
1773149516.5107 Rx ;89svo 1 0 200  0 0 0  0 0 0  0 0 0  0 0 0
1773149516.5606 Rx ;89svo 1 0 200  0 0 0  0 0 0  0 0 0  0 0 0
1773149516.6102 Rx ;89svo 1 0 200  0 0 0  0 0 0  0 0 0  0 0 0
1773149516.6601 Rx ;89svo 1 0 200  0 0 0  0 0 0  0 0 0  0 0 0
1773149516.7100 Rx ;89svo 1 0 200  0 0 0  0 0 0  0 0 0  0 0 0
1773149516.7600 Rx ;89svo 1 0 200  0 0 0  0 0 0  0 0 0  0 0 0
1773149516.8100 Rx ;89svo 1 0 200  0 0 0  0 0 0  0 0 0  0 0 0
1773149516.8600 Rx ;89svo 1 0 200  0 0 0  0 0 0  0 0 0  0 0 0
1773149516.8940 Txd ;35alive
1773149516.9105 Rx ;89svo 1 0 200  0 0 0  0 0 0  0 0 0  0 0 0
1773149516.9605 Rx ;89svo 1 0 200  0 0 0  0 0 0  0 0 0  0 0 0
1773149517.0105 Rx ;89svo 1 0 200  0 0 0  0 0 0  0 0 0  0 0 0
1773149517.0605 Rx ;89svo 1 0 200  0 0 0  0 0 0  0 0 0  0 0 0
1773149517.1104 Rx ;89svo 1 0 200  0 0 0  0 0 0  0 0 0  0 0 0
1773149517.1603 Rx ;89svo 1 0 200  0 0 0  0 0 0  0 0 0  0 0 0
1773149517.2102 Rx ;89svo 1 0 200  0 0 0  0 0 0  0 0 0  0 0 0
1773149517.2607 Rx ;89svo 1 0 200  0 0 0  0 0 0  0 0 0  0 0 0
1773149517.3106 Rx ;89svo 1 0 200  0 0 0  0 0 0  0 0 0  0 0 0
1773149517.3606 Rx ;89svo 1 0 200  0 0 0  0 0 0  0 0 0  0 0 0
1773149517.4105 Rx ;89svo 1 0 200  0 0 0  0 0 0  0 0 0  0 0 0
1773149517.4606 Rx ;89svo 1 0 200  0 0 0  0 0 0  0 0 0  0 0 0
1773149517.5106 Rx ;89svo 1 0 200  0 0 0  0 0 0  0 0 0  0 0 0
1773149517.5605 Rx ;89svo 1 0 200  0 0 0  0 0 0  0 0 0  0 0 0
1773149517.6101 Rx ;89svo 1 0 200  0 0 0  0 0 0  0 0 0  0 0 0
1773149517.6601 Rx ;89svo 1 0 200  0 0 0  0 0 0  0 0 0  0 0 0
1773149517.7102 Rx ;89svo 1 0 200  0 0 0  0 0 0  0 0 0  0 0 0
1773149517.7601 Rx ;89svo 1 0 200  0 0 0  0 0 0  0 0 0  0 0 0
1773149517.7953 Txd ;35alive
1773149517.8107 Rx ;89svo 1 0 200  0 0 0  0 0 0  0 0 0  0 0 0
1773149517.8607 Rx ;89svo 1 0 200  0 0 0  0 0 0  0 0 0  0 0 0
1773149517.9107 Rx ;89svo 1 0 200  0 0 0  0 0 0  0 0 0  0 0 0
1773149517.9606 Rx ;89svo 1 0 200  0 0 0  0 0 0  0 0 0  0 0 0
1773149518.0107 Rx ;89svo 1 0 200  0 0 0  0 0 0  0 0 0  0 0 0
1773149518.0606 Rx ;89svo 1 0 200  0 0 0  0 0 0  0 0 0  0 0 0
1773149518.1105 Rx ;89svo 1 0 200  0 0 0  0 0 0  0 0 0  0 0 0
1773149518.1605 Rx ;89svo 1 0 200  0 0 0  0 0 0  0 0 0  0 0 0
1773149518.2105 Rx ;89svo 1 0 200  0 0 0  0 0 0  0 0 0  0 0 0
1773149518.2604 Rx ;89svo 1 0 200  0 0 0  0 0 0  0 0 0  0 0 0
1773149518.3105 Rx ;89svo 1 0 200  0 0 0  0 0 0  0 0 0  0 0 0
1773149518.3605 Rx ;89svo 1 0 200  0 0 0  0 0 0  0 0 0  0 0 0
1773149518.4105 Rx ;89svo 1 0 200  0 0 0  0 0 0  0 0 0  0 0 0
1773149518.4605 Rx ;89svo 1 0 200  0 0 0  0 0 0  0 0 0  0 0 0
1773149518.5104 Rx ;89svo 1 0 200  0 0 0  0 0 0  0 0 0  0 0 0
1773149518.5603 Rx ;89svo 1 0 200  0 0 0  0 0 0  0 0 0  0 0 0
1773149518.6103 Rx ;89svo 1 0 200  0 0 0  0 0 0  0 0 0  0 0 0
1773149518.6602 Rx ;89svo 1 0 200  0 0 0  0 0 0  0 0 0  0 0 0
1773149518.6963 Txd ;35alive
1773149518.7107 Rx ;89svo 1 0 200  0 0 0  0 0 0  0 0 0  0 0 0
1773149518.7606 Rx ;89svo 1 0 200  0 0 0  0 0 0  0 0 0  0 0 0
1773149518.8106 Rx ;89svo 1 0 200  0 0 0  0 0 0  0 0 0  0 0 0
1773149518.8608 Rx ;89svo 1 0 200  0 0 0  0 0 0  0 0 0  0 0 0
1773149518.9108 Rx ;89svo 1 0 200  0 0 0  0 0 0  0 0 0  0 0 0
1773149518.9607 Rx ;89svo 1 0 200  0 0 0  0 0 0  0 0 0  0 0 0
1773149519.0106 Rx ;89svo 1 0 200  0 0 0  0 0 0  0 0 0  0 0 0
1773149519.0532 Qu 1 ;42!servo 1 400 200
1773149519.0533 Tx ;42!servo 1 400 200
1773149519.0544 Rx ;32confirm !servo 1 400 200
1773149519.0608 Rx ;95svo 1 6 200  0 0 0  0 0 0  0 0 0  0 0 0
1773149519.1101 Rx ;49svo 1 56 200  0 0 0  0 0 0  0 0 0  0 0 0
1773149519.1606 Rx ;93svo 1 106 200  0 0 0  0 0 0  0 0 0  0 0 0
1773149519.2109 Rx ;98svo 1 156 200  0 0 0  0 0 0  0 0 0  0 0 0
1773149519.2605 Rx ;94svo 1 206 200  0 0 0  0 0 0  0 0 0  0 0 0
1773149519.3111 Rx ;99svo 1 256 200  0 0 0  0 0 0  0 0 0  0 0 0
1773149519.3607 Rx ;95svo 1 306 200  0 0 0  0 0 0  0 0 0  0 0 0
1773149519.4107 Rx ;01svo 1 356 200  0 0 0  0 0 0  0 0 0  0 0 0
1773149519.4603 Rx ;90svo 1 400 200  0 0 0  0 0 0  0 0 0  0 0 0
1773149519.5110 Rx ;90svo 1 400 200  0 0 0  0 0 0  0 0 0  0 0 0
1773149519.5607 Rx ;90svo 1 400 200  0 0 0  0 0 0  0 0 0  0 0 0
1773149519.6107 Rx ;90svo 1 400 200  0 0 0  0 0 0  0 0 0  0 0 0
1773149519.6604 Rx ;90svo 1 400 200  0 0 0  0 0 0  0 0 0  0 0 0
1773149519.7101 Rx ;90svo 1 400 200  0 0 0  0 0 0  0 0 0  0 0 0
1773149519.7609 Rx ;90svo 1 400 200  0 0 0  0 0 0  0 0 0  0 0 0
1773149519.8108 Rx ;90svo 1 400 200  0 0 0  0 0 0  0 0 0  0 0 0
1773149519.8605 Rx ;90svo 1 400 200  0 0 0  0 0 0  0 0 0  0 0 0
1773149519.9101 Rx ;90svo 1 400 200  0 0 0  0 0 0  0 0 0  0 0 0
1773149519.9536 Txd ;35alive
1773149519.9607 Rx ;90svo 1 400 200  0 0 0  0 0 0  0 0 0  0 0 0
1773149520.0106 Rx ;90svo 1 400 200  0 0 0  0 0 0  0 0 0  0 0 0
1773149520.0604 Rx ;90svo 1 400 200  0 0 0  0 0 0  0 0 0  0 0 0
1773149520.1104 Rx ;90svo 1 400 200  0 0 0  0 0 0  0 0 0  0 0 0
1773149520.1606 Rx ;90svo 1 400 200  0 0 0  0 0 0  0 0 0  0 0 0
1773149520.2106 Rx ;90svo 1 400 200  0 0 0  0 0 0  0 0 0  0 0 0
1773149520.2606 Rx ;90svo 1 400 200  0 0 0  0 0 0  0 0 0  0 0 0
1773149520.3105 Rx ;90svo 1 400 200  0 0 0  0 0 0  0 0 0  0 0 0
1773149520.3605 Rx ;90svo 1 400 200  0 0 0  0 0 0  0 0 0  0 0 0
1773149520.4105 Rx ;90svo 1 400 200  0 0 0  0 0 0  0 0 0  0 0 0
1773149520.4604 Rx ;90svo 1 400 200  0 0 0  0 0 0  0 0 0  0 0 0
1773149520.5103 Rx ;90svo 1 400 200  0 0 0  0 0 0  0 0 0  0 0 0
1773149520.5602 Rx ;90svo 1 400 200  0 0 0  0 0 0  0 0 0  0 0 0
1773149520.6103 Rx ;90svo 1 400 200  0 0 0  0 0 0  0 0 0  0 0 0
1773149520.6603 Rx ;90svo 1 400 200  0 0 0  0 0 0  0 0 0  0 0 0
1773149520.7102 Rx ;90svo 1 400 200  0 0 0  0 0 0  0 0 0  0 0 0
1773149520.7602 Rx ;90svo 1 400 200  0 0 0  0 0 0  0 0 0  0 0 0
1773149520.8107 Rx ;90svo 1 400 200  0 0 0  0 0 0  0 0 0  0 0 0
1773149520.8543 Txd ;35alive
1773149520.8612 Rx ;90svo 1 400 200  0 0 0  0 0 0  0 0 0  0 0 0
1773149520.9111 Rx ;90svo 1 400 200  0 0 0  0 0 0  0 0 0  0 0 0
1773149520.9610 Rx ;90svo 1 400 200  0 0 0  0 0 0  0 0 0  0 0 0
1773149521.0109 Rx ;90svo 1 400 200  0 0 0  0 0 0  0 0 0  0 0 0
1773149521.0609 Rx ;90svo 1 400 200  0 0 0  0 0 0  0 0 0  0 0 0
1773149521.1108 Rx ;90svo 1 400 200  0 0 0  0 0 0  0 0 0  0 0 0
1773149521.1323 Qu 1 ;41!servo 1 0 200
1773149521.1334 Tx ;41!servo 1 0 200
1773149521.1345 Rx ;31confirm !servo 1 0 200
1773149521.1607 Rx ;01svo 1 374 200  0 0 0  0 0 0  0 0 0  0 0 0
1773149521.2112 Rx ;95svo 1 324 200  0 0 0  0 0 0  0 0 0  0 0 0
1773149521.2604 Rx ;99svo 1 274 200  0 0 0  0 0 0  0 0 0  0 0 0
1773149521.3107 Rx ;94svo 1 224 200  0 0 0  0 0 0  0 0 0  0 0 0
1773149521.3606 Rx ;98svo 1 174 200  0 0 0  0 0 0  0 0 0  0 0 0
1773149521.4109 Rx ;93svo 1 124 200  0 0 0  0 0 0  0 0 0  0 0 0
1773149521.4642 Rx ;49svo 1 74 200  0 0 0  0 0 0  0 0 0  0 0 0
1773149521.5107 Rx ;44svo 1 24 200  0 0 0  0 0 0  0 0 0  0 0 0
1773149521.5606 Rx ;89svo 1 0 200  0 0 0  0 0 0  0 0 0  0 0 0
1773149521.6110 Rx ;89svo 1 0 200  0 0 0  0 0 0  0 0 0  0 0 0
1773149521.6610 Rx ;89svo 1 0 200  0 0 0  0 0 0  0 0 0  0 0 0
1773149521.7110 Rx ;89svo 1 0 200  0 0 0  0 0 0  0 0 0  0 0 0
1773149521.7610 Rx ;89svo 1 0 200  0 0 0  0 0 0  0 0 0  0 0 0
1773149521.8109 Rx ;89svo 1 0 200  0 0 0  0 0 0  0 0 0  0 0 0
1773149521.8609 Rx ;89svo 1 0 200  0 0 0  0 0 0  0 0 0  0 0 0
1773149521.9109 Rx ;89svo 1 0 200  0 0 0  0 0 0  0 0 0  0 0 0
1773149521.9608 Rx ;89svo 1 0 200  0 0 0  0 0 0  0 0 0  0 0 0
1773149522.0110 Rx ;89svo 1 0 200  0 0 0  0 0 0  0 0 0  0 0 0
1773149522.0323 Txd ;35alive
1773149522.0605 Rx ;89svo 1 0 200  0 0 0  0 0 0  0 0 0  0 0 0
1773149522.1104 Rx ;89svo 1 0 200  0 0 0  0 0 0  0 0 0  0 0 0
1773149522.1603 Rx ;89svo 1 0 200  0 0 0  0 0 0  0 0 0  0 0 0
1773149522.2102 Rx ;89svo 1 0 200  0 0 0  0 0 0  0 0 0  0 0 0
1773149522.2611 Rx ;89svo 1 0 200  0 0 0  0 0 0  0 0 0  0 0 0
1773149522.3109 Rx ;89svo 1 0 200  0 0 0  0 0 0  0 0 0  0 0 0
1773149522.3608 Rx ;89svo 1 0 200  0 0 0  0 0 0  0 0 0  0 0 0
1773149522.4107 Rx ;89svo 1 0 200  0 0 0  0 0 0  0 0 0  0 0 0
1773149522.4605 Rx ;89svo 1 0 200  0 0 0  0 0 0  0 0 0  0 0 0
1773149522.5103 Rx ;89svo 1 0 200  0 0 0  0 0 0  0 0 0  0 0 0
1773149522.5613 Rx ;89svo 1 0 200  0 0 0  0 0 0  0 0 0  0 0 0
1773149522.6112 Rx ;89svo 1 0 200  0 0 0  0 0 0  0 0 0  0 0 0
1773149522.6612 Rx ;89svo 1 0 200  0 0 0  0 0 0  0 0 0  0 0 0
1773149522.7111 Rx ;89svo 1 0 200  0 0 0  0 0 0  0 0 0  0 0 0
1773149522.7611 Rx ;89svo 1 0 200  0 0 0  0 0 0  0 0 0  0 0 0
1773149522.8103 Rx ;89svo 1 0 200  0 0 0  0 0 0  0 0 0  0 0 0
1773149522.8602 Rx ;89svo 1 0 200  0 0 0  0 0 0  0 0 0  0 0 0
1773149522.9112 Rx ;89svo 1 0 200  0 0 0  0 0 0  0 0 0  0 0 0
1773149522.9335 Txd ;35alive
1773149522.9606 Rx ;89svo 1 0 200  0 0 0  0 0 0  0 0 0  0 0 0
1773149523.0106 Rx ;89svo 1 0 200  0 0 0  0 0 0  0 0 0  0 0 0
1773149523.0605 Rx ;89svo 1 0 200  0 0 0  0 0 0  0 0 0  0 0 0
1773149523.1104 Rx ;89svo 1 0 200  0 0 0  0 0 0  0 0 0  0 0 0
1773149523.1603 Rx ;89svo 1 0 200  0 0 0  0 0 0  0 0 0  0 0 0
1773149523.2106 Rx ;89svo 1 0 200  0 0 0  0 0 0  0 0 0  0 0 0
1773149523.2604 Rx ;89svo 1 0 200  0 0 0  0 0 0  0 0 0  0 0 0
1773149523.3113 Rx ;89svo 1 0 200  0 0 0  0 0 0  0 0 0  0 0 0
1773149523.3611 Rx ;89svo 1 0 200  0 0 0  0 0 0  0 0 0  0 0 0
1773149523.4111 Rx ;89svo 1 0 200  0 0 0  0 0 0  0 0 0  0 0 0
1773149523.4609 Rx ;89svo 1 0 200  0 0 0  0 0 0  0 0 0  0 0 0
1773149523.5111 Rx ;89svo 1 0 200  0 0 0  0 0 0  0 0 0  0 0 0
1773149523.5610 Rx ;89svo 1 0 200  0 0 0  0 0 0  0 0 0  0 0 0
1773149523.6110 Rx ;89svo 1 0 200  0 0 0  0 0 0  0 0 0  0 0 0
1773149523.6609 Rx ;89svo 1 0 200  0 0 0  0 0 0  0 0 0  0 0 0
1773149523.7108 Rx ;89svo 1 0 200  0 0 0  0 0 0  0 0 0  0 0 0
1773149523.7608 Rx ;89svo 1 0 200  0 0 0  0 0 0  0 0 0  0 0 0
1773149523.8108 Rx ;89svo 1 0 200  0 0 0  0 0 0  0 0 0  0 0 0
1773149523.8342 Txd ;35alive
1773149523.8613 Rx ;89svo 1 0 200  0 0 0  0 0 0  0 0 0  0 0 0
1773149523.9112 Rx ;89svo 1 0 200  0 0 0  0 0 0  0 0 0  0 0 0
1773149523.9611 Rx ;89svo 1 0 200  0 0 0  0 0 0  0 0 0  0 0 0
1773149524.0111 Rx ;89svo 1 0 200  0 0 0  0 0 0  0 0 0  0 0 0
1773149524.0611 Rx ;89svo 1 0 200  0 0 0  0 0 0  0 0 0  0 0 0
1773149524.1111 Rx ;89svo 1 0 200  0 0 0  0 0 0  0 0 0  0 0 0
1773149524.1610 Rx ;89svo 1 0 200  0 0 0  0 0 0  0 0 0  0 0 0
1773149524.2110 Rx ;89svo 1 0 200  0 0 0  0 0 0  0 0 0  0 0 0
1773149524.2620 Rx ;89svo 1 0 200  0 0 0  0 0 0  0 0 0  0 0 0
1773149524.3110 Rx ;89svo 1 0 200  0 0 0  0 0 0  0 0 0  0 0 0
1773149524.3620 Rx ;89svo 1 0 200  0 0 0  0 0 0  0 0 0  0 0 0
1773149524.4111 Rx ;89svo 1 0 200  0 0 0  0 0 0  0 0 0  0 0 0
1773149524.4611 Rx ;89svo 1 0 200  0 0 0  0 0 0  0 0 0  0 0 0
1773149524.5110 Rx ;89svo 1 0 200  0 0 0  0 0 0  0 0 0  0 0 0
1773149524.5610 Rx ;89svo 1 0 200  0 0 0  0 0 0  0 0 0  0 0 0
1773149524.6110 Rx ;89svo 1 0 200  0 0 0  0 0 0  0 0 0  0 0 0
1773149524.6610 Rx ;89svo 1 0 200  0 0 0  0 0 0  0 0 0  0 0 0
1773149524.7120 Rx ;89svo 1 0 200  0 0 0  0 0 0  0 0 0  0 0 0
1773149524.7355 Txd ;35alive
1773149524.7615 Rx ;89svo 1 0 200  0 0 0  0 0 0  0 0 0  0 0 0
1773149524.8119 Rx ;89svo 1 0 200  0 0 0  0 0 0  0 0 0  0 0 0
1773149524.8618 Rx ;89svo 1 0 200  0 0 0  0 0 0  0 0 0  0 0 0
1773149524.9117 Rx ;89svo 1 0 200  0 0 0  0 0 0  0 0 0  0 0 0
1773149524.9617 Rx ;89svo 1 0 200  0 0 0  0 0 0  0 0 0  0 0 0
1773149525.0112 Rx ;89svo 1 0 200  0 0 0  0 0 0  0 0 0  0 0 0
1773149525.0611 Rx ;89svo 1 0 200  0 0 0  0 0 0  0 0 0  0 0 0
1773149525.1110 Rx ;89svo 1 0 200  0 0 0  0 0 0  0 0 0  0 0 0
1773149525.1615 Rx ;89svo 1 0 200  0 0 0  0 0 0  0 0 0  0 0 0
1773149525.2116 Rx ;89svo 1 0 200  0 0 0  0 0 0  0 0 0  0 0 0
1773149525.2613 Rx ;89svo 1 0 200  0 0 0  0 0 0  0 0 0  0 0 0
1773149525.3111 Rx ;89svo 1 0 200  0 0 0  0 0 0  0 0 0  0 0 0
1773149525.3619 Rx ;89svo 1 0 200  0 0 0  0 0 0  0 0 0  0 0 0
1773149525.4117 Rx ;89svo 1 0 200  0 0 0  0 0 0  0 0 0  0 0 0
1773149525.4615 Rx ;89svo 1 0 200  0 0 0  0 0 0  0 0 0  0 0 0
1773149525.5112 Rx ;89svo 1 0 200  0 0 0  0 0 0  0 0 0  0 0 0
1773149525.5183 Qu 1 ;40!servo 1 200 200
1773149525.5193 Tx ;40!servo 1 200 200
1773149525.5204 Rx ;30confirm !servo 1 200 200
1773149525.5622 Rx ;44svo 1 42 200  0 0 0  0 0 0  0 0 0  0 0 0
1773149525.6116 Rx ;49svo 1 92 200  0 0 0  0 0 0  0 0 0  0 0 0
1773149525.6615 Rx ;93svo 1 142 200  0 0 0  0 0 0  0 0 0  0 0 0
1773149525.7120 Rx ;98svo 1 192 200  0 0 0  0 0 0  0 0 0  0 0 0
1773149525.7617 Rx ;88svo 1 200 200  0 0 0  0 0 0  0 0 0  0 0 0
1773149525.8118 Rx ;88svo 1 200 200  0 0 0  0 0 0  0 0 0  0 0 0
1773149525.8616 Rx ;88svo 1 200 200  0 0 0  0 0 0  0 0 0  0 0 0
1773149525.9111 Rx ;88svo 1 200 200  0 0 0  0 0 0  0 0 0  0 0 0
1773149525.9619 Rx ;88svo 1 200 200  0 0 0  0 0 0  0 0 0  0 0 0
1773149526.0115 Rx ;88svo 1 200 200  0 0 0  0 0 0  0 0 0  0 0 0
1773149526.0612 Rx ;88svo 1 200 200  0 0 0  0 0 0  0 0 0  0 0 0
1773149526.1117 Rx ;88svo 1 200 200  0 0 0  0 0 0  0 0 0  0 0 0
1773149526.1613 Rx ;88svo 1 200 200  0 0 0  0 0 0  0 0 0  0 0 0
1773149526.2114 Rx ;88svo 1 200 200  0 0 0  0 0 0  0 0 0  0 0 0
1773149526.2611 Rx ;88svo 1 200 200  0 0 0  0 0 0  0 0 0  0 0 0
1773149526.3117 Rx ;88svo 1 200 200  0 0 0  0 0 0  0 0 0  0 0 0
1773149526.3613 Rx ;88svo 1 200 200  0 0 0  0 0 0  0 0 0  0 0 0
1773149526.4118 Rx ;88svo 1 200 200  0 0 0  0 0 0  0 0 0  0 0 0
1773149526.4187 Txd ;35alive
1773149526.4611 Rx ;88svo 1 200 200  0 0 0  0 0 0  0 0 0  0 0 0
1773149526.5114 Rx ;88svo 1 200 200  0 0 0  0 0 0  0 0 0  0 0 0
1773149526.5619 Rx ;88svo 1 200 200  0 0 0  0 0 0  0 0 0  0 0 0
1773149526.6112 Rx ;88svo 1 200 200  0 0 0  0 0 0  0 0 0  0 0 0
1773149526.6613 Rx ;88svo 1 200 200  0 0 0  0 0 0  0 0 0  0 0 0
1773149526.7113 Rx ;88svo 1 200 200  0 0 0  0 0 0  0 0 0  0 0 0
1773149526.7613 Rx ;88svo 1 200 200  0 0 0  0 0 0  0 0 0  0 0 0
1773149526.8118 Rx ;88svo 1 200 200  0 0 0  0 0 0  0 0 0  0 0 0
1773149526.8618 Rx ;88svo 1 200 200  0 0 0  0 0 0  0 0 0  0 0 0
1773149526.9111 Rx ;88svo 1 200 200  0 0 0  0 0 0  0 0 0  0 0 0
1773149526.9612 Rx ;88svo 1 200 200  0 0 0  0 0 0  0 0 0  0 0 0
1773149527.0114 Rx ;88svo 1 200 200  0 0 0  0 0 0  0 0 0  0 0 0
1773149527.0613 Rx ;88svo 1 200 200  0 0 0  0 0 0  0 0 0  0 0 0
1773149527.0827 Qu 1 ;42!servo 1 400 200
1773149527.0837 Tx ;42!servo 1 400 200
1773149527.0847 Rx ;32confirm !servo 1 400 200
1773149527.1115 Rx ;98svo 1 228 200  0 0 0  0 0 0  0 0 0  0 0 0
1773149527.1616 Rx ;04svo 1 278 200  0 0 0  0 0 0  0 0 0  0 0 0
1773149527.2114 Rx ;99svo 1 328 200  0 0 0  0 0 0  0 0 0  0 0 0
1773149527.2614 Rx ;05svo 1 378 200  0 0 0  0 0 0  0 0 0  0 0 0
1773149527.3114 Rx ;90svo 1 400 200  0 0 0  0 0 0  0 0 0  0 0 0
1773149527.3613 Rx ;90svo 1 400 200  0 0 0  0 0 0  0 0 0  0 0 0
1773149527.4118 Rx ;90svo 1 400 200  0 0 0  0 0 0  0 0 0  0 0 0
1773149527.4616 Rx ;90svo 1 400 200  0 0 0  0 0 0  0 0 0  0 0 0
1773149527.5114 Rx ;90svo 1 400 200  0 0 0  0 0 0  0 0 0  0 0 0
1773149527.5612 Rx ;90svo 1 400 200  0 0 0  0 0 0  0 0 0  0 0 0
1773149527.6122 Rx ;90svo 1 400 200  0 0 0  0 0 0  0 0 0  0 0 0
1773149527.6620 Rx ;90svo 1 400 200  0 0 0  0 0 0  0 0 0  0 0 0
1773149527.7120 Rx ;90svo 1 400 200  0 0 0  0 0 0  0 0 0  0 0 0
1773149527.7620 Rx ;90svo 1 400 200  0 0 0  0 0 0  0 0 0  0 0 0
1773149527.8119 Rx ;90svo 1 400 200  0 0 0  0 0 0  0 0 0  0 0 0
1773149527.8618 Rx ;90svo 1 400 200  0 0 0  0 0 0  0 0 0  0 0 0
1773149527.9117 Rx ;90svo 1 400 200  0 0 0  0 0 0  0 0 0  0 0 0
1773149527.9616 Rx ;90svo 1 400 200  0 0 0  0 0 0  0 0 0  0 0 0
1773149527.9830 Txd ;35alive
1773149528.0111 Rx ;90svo 1 400 200  0 0 0  0 0 0  0 0 0  0 0 0
1773149528.0621 Rx ;90svo 1 400 200  0 0 0  0 0 0  0 0 0  0 0 0
1773149528.1114 Rx ;90svo 1 400 200  0 0 0  0 0 0  0 0 0  0 0 0
1773149528.1615 Rx ;90svo 1 400 200  0 0 0  0 0 0  0 0 0  0 0 0
1773149528.2113 Rx ;90svo 1 400 200  0 0 0  0 0 0  0 0 0  0 0 0
1773149528.2612 Rx ;90svo 1 400 200  0 0 0  0 0 0  0 0 0  0 0 0
1773149528.3120 Rx ;90svo 1 400 200  0 0 0  0 0 0  0 0 0  0 0 0
1773149528.3619 Rx ;90svo 1 400 200  0 0 0  0 0 0  0 0 0  0 0 0
1773149528.4119 Rx ;90svo 1 400 200  0 0 0  0 0 0  0 0 0  0 0 0
1773149528.4618 Rx ;90svo 1 400 200  0 0 0  0 0 0  0 0 0  0 0 0
1773149528.5117 Rx ;90svo 1 400 200  0 0 0  0 0 0  0 0 0  0 0 0
1773149528.5616 Rx ;90svo 1 400 200  0 0 0  0 0 0  0 0 0  0 0 0
1773149528.6119 Rx ;90svo 1 400 200  0 0 0  0 0 0  0 0 0  0 0 0
1773149528.6619 Rx ;90svo 1 400 200  0 0 0  0 0 0  0 0 0  0 0 0
1773149528.7119 Rx ;90svo 1 400 200  0 0 0  0 0 0  0 0 0  0 0 0
1773149528.7618 Rx ;90svo 1 400 200  0 0 0  0 0 0  0 0 0  0 0 0
1773149528.8116 Rx ;90svo 1 400 200  0 0 0  0 0 0  0 0 0  0 0 0
1773149528.8616 Rx ;90svo 1 400 200  0 0 0  0 0 0  0 0 0  0 0 0
1773149528.8689 Qu 1 ;41!servo 1 0 200
1773149528.8694 Tx ;41!servo 1 0 200
1773149528.8705 Rx ;31confirm !servo 1 0 200
1773149528.9112 Rx ;03svo 1 358 200  0 0 0  0 0 0  0 0 0  0 0 0
1773149528.9621 Rx ;97svo 1 308 200  0 0 0  0 0 0  0 0 0  0 0 0
1773149529.0112 Rx ;02svo 1 258 200  0 0 0  0 0 0  0 0 0  0 0 0
1773149529.0622 Rx ;96svo 1 208 200  0 0 0  0 0 0  0 0 0  0 0 0
1773149529.1121 Rx ;01svo 1 158 200  0 0 0  0 0 0  0 0 0  0 0 0
1773149529.1619 Rx ;95svo 1 108 200  0 0 0  0 0 0  0 0 0  0 0 0
1773149529.2119 Rx ;51svo 1 58 200  0 0 0  0 0 0  0 0 0  0 0 0
1773149529.2618 Rx ;97svo 1 8 200  0 0 0  0 0 0  0 0 0  0 0 0
1773149529.3118 Rx ;89svo 1 0 200  0 0 0  0 0 0  0 0 0  0 0 0
1773149529.3617 Rx ;89svo 1 0 200  0 0 0  0 0 0  0 0 0  0 0 0
1773149529.4117 Rx ;89svo 1 0 200  0 0 0  0 0 0  0 0 0  0 0 0
1773149529.4616 Rx ;89svo 1 0 200  0 0 0  0 0 0  0 0 0  0 0 0
1773149529.5116 Rx ;89svo 1 0 200  0 0 0  0 0 0  0 0 0  0 0 0
1773149529.5615 Rx ;89svo 1 0 200  0 0 0  0 0 0  0 0 0  0 0 0
1773149529.6115 Rx ;89svo 1 0 200  0 0 0  0 0 0  0 0 0  0 0 0
1773149529.6614 Rx ;89svo 1 0 200  0 0 0  0 0 0  0 0 0  0 0 0
1773149529.7113 Rx ;89svo 1 0 200  0 0 0  0 0 0  0 0 0  0 0 0
1773149529.7613 Rx ;89svo 1 0 200  0 0 0  0 0 0  0 0 0  0 0 0
1773149529.7699 Txd ;35alive
1773149529.8118 Rx ;89svo 1 0 200  0 0 0  0 0 0  0 0 0  0 0 0
1773149529.8619 Rx ;89svo 1 0 200  0 0 0  0 0 0  0 0 0  0 0 0
1773149529.9123 Rx ;89svo 1 0 200  0 0 0  0 0 0  0 0 0  0 0 0
1773149529.9616 Rx ;89svo 1 0 200  0 0 0  0 0 0  0 0 0  0 0 0
1773149530.0112 Rx ;89svo 1 0 200  0 0 0  0 0 0  0 0 0  0 0 0
1773149530.0622 Rx ;89svo 1 0 200  0 0 0  0 0 0  0 0 0  0 0 0
1773149530.1122 Rx ;89svo 1 0 200  0 0 0  0 0 0  0 0 0  0 0 0
1773149530.1621 Rx ;89svo 1 0 200  0 0 0  0 0 0  0 0 0  0 0 0
1773149530.2121 Rx ;89svo 1 0 200  0 0 0  0 0 0  0 0 0  0 0 0
1773149530.2621 Rx ;89svo 1 0 200  0 0 0  0 0 0  0 0 0  0 0 0
1773149530.3120 Rx ;89svo 1 0 200  0 0 0  0 0 0  0 0 0  0 0 0
1773149530.3616 Rx ;89svo 1 0 200  0 0 0  0 0 0  0 0 0  0 0 0
1773149530.4119 Rx ;89svo 1 0 200  0 0 0  0 0 0  0 0 0  0 0 0
1773149530.4618 Rx ;89svo 1 0 200  0 0 0  0 0 0  0 0 0  0 0 0
1773149530.5118 Rx ;89svo 1 0 200  0 0 0  0 0 0  0 0 0  0 0 0
1773149530.5617 Rx ;89svo 1 0 200  0 0 0  0 0 0  0 0 0  0 0 0
1773149530.6117 Rx ;89svo 1 0 200  0 0 0  0 0 0  0 0 0  0 0 0
1773149530.6616 Rx ;89svo 1 0 200  0 0 0  0 0 0  0 0 0  0 0 0
1773149530.6712 Txd ;35alive
1773149530.7121 Rx ;89svo 1 0 200  0 0 0  0 0 0  0 0 0  0 0 0
1773149530.7620 Rx ;89svo 1 0 200  0 0 0  0 0 0  0 0 0  0 0 0
1773149530.8121 Rx ;89svo 1 0 200  0 0 0  0 0 0  0 0 0  0 0 0
1773149530.8620 Rx ;89svo 1 0 200  0 0 0  0 0 0  0 0 0  0 0 0
1773149530.9119 Rx ;89svo 1 0 200  0 0 0  0 0 0  0 0 0  0 0 0
1773149530.9612 Rx ;89svo 1 0 200  0 0 0  0 0 0  0 0 0  0 0 0
1773149531.0113 Rx ;89svo 1 0 200  0 0 0  0 0 0  0 0 0  0 0 0
1773149531.0613 Rx ;89svo 1 0 200  0 0 0  0 0 0  0 0 0  0 0 0
1773149531.1112 Rx ;89svo 1 0 200  0 0 0  0 0 0  0 0 0  0 0 0
1773149531.1622 Rx ;89svo 1 0 200  0 0 0  0 0 0  0 0 0  0 0 0
1773149531.2117 Rx ;89svo 1 0 200  0 0 0  0 0 0  0 0 0  0 0 0
1773149531.2621 Rx ;89svo 1 0 200  0 0 0  0 0 0  0 0 0  0 0 0
1773149531.3120 Rx ;89svo 1 0 200  0 0 0  0 0 0  0 0 0  0 0 0
1773149531.3620 Rx ;89svo 1 0 200  0 0 0  0 0 0  0 0 0  0 0 0
1773149531.4116 Rx ;89svo 1 0 200  0 0 0  0 0 0  0 0 0  0 0 0
1773149531.4620 Rx ;89svo 1 0 200  0 0 0  0 0 0  0 0 0  0 0 0
1773149531.5116 Rx ;89svo 1 0 200  0 0 0  0 0 0  0 0 0  0 0 0
1773149531.5617 Rx ;89svo 1 0 200  0 0 0  0 0 0  0 0 0  0 0 0
1773149531.5727 Txd ;35alive
1773149531.6116 Rx ;89svo 1 0 200  0 0 0  0 0 0  0 0 0  0 0 0
1773149531.6622 Rx ;89svo 1 0 200  0 0 0  0 0 0  0 0 0  0 0 0
1773149531.7113 Rx ;89svo 1 0 200  0 0 0  0 0 0  0 0 0  0 0 0
1773149531.7613 Rx ;89svo 1 0 200  0 0 0  0 0 0  0 0 0  0 0 0
1773149531.8122 Rx ;89svo 1 0 200  0 0 0  0 0 0  0 0 0  0 0 0
1773149531.8616 Rx ;89svo 1 0 200  0 0 0  0 0 0  0 0 0  0 0 0
1773149531.9117 Rx ;89svo 1 0 200  0 0 0  0 0 0  0 0 0  0 0 0
1773149531.9617 Rx ;89svo 1 0 200  0 0 0  0 0 0  0 0 0  0 0 0
1773149532.0117 Rx ;89svo 1 0 200  0 0 0  0 0 0  0 0 0  0 0 0
1773149532.0615 Rx ;89svo 1 0 200  0 0 0  0 0 0  0 0 0  0 0 0
1773149532.1113 Rx ;89svo 1 0 200  0 0 0  0 0 0  0 0 0  0 0 0
1773149532.1615 Rx ;89svo 1 0 200  0 0 0  0 0 0  0 0 0  0 0 0
1773149532.2122 Rx ;89svo 1 0 200  0 0 0  0 0 0  0 0 0  0 0 0
1773149532.2615 Rx ;89svo 1 0 200  0 0 0  0 0 0  0 0 0  0 0 0
1773149532.3113 Rx ;89svo 1 0 200  0 0 0  0 0 0  0 0 0  0 0 0
1773149532.3613 Rx ;89svo 1 0 200  0 0 0  0 0 0  0 0 0  0 0 0
1773149532.4114 Rx ;89svo 1 0 200  0 0 0  0 0 0  0 0 0  0 0 0
1773149532.4614 Rx ;89svo 1 0 200  0 0 0  0 0 0  0 0 0  0 0 0
1773149532.4742 Txd ;35alive
1773149532.5119 Rx ;89svo 1 0 200  0 0 0  0 0 0  0 0 0  0 0 0
1773149532.5620 Rx ;89svo 1 0 200  0 0 0  0 0 0  0 0 0  0 0 0
1773149532.6122 Rx ;89svo 1 0 200  0 0 0  0 0 0  0 0 0  0 0 0
1773149532.6622 Rx ;89svo 1 0 200  0 0 0  0 0 0  0 0 0  0 0 0
1773149532.7122 Rx ;89svo 1 0 200  0 0 0  0 0 0  0 0 0  0 0 0
1773149532.7621 Rx ;89svo 1 0 200  0 0 0  0 0 0  0 0 0  0 0 0
1773149532.8121 Rx ;89svo 1 0 200  0 0 0  0 0 0  0 0 0  0 0 0
1773149532.8620 Rx ;89svo 1 0 200  0 0 0  0 0 0  0 0 0  0 0 0
1773149532.9119 Rx ;89svo 1 0 200  0 0 0  0 0 0  0 0 0  0 0 0
1773149532.9618 Rx ;89svo 1 0 200  0 0 0  0 0 0  0 0 0  0 0 0
1773149533.0118 Rx ;89svo 1 0 200  0 0 0  0 0 0  0 0 0  0 0 0
1773149533.0617 Rx ;89svo 1 0 200  0 0 0  0 0 0  0 0 0  0 0 0
1773149533.1116 Rx ;89svo 1 0 200  0 0 0  0 0 0  0 0 0  0 0 0
1773149533.1616 Rx ;89svo 1 0 200  0 0 0  0 0 0  0 0 0  0 0 0
1773149533.2116 Rx ;89svo 1 0 200  0 0 0  0 0 0  0 0 0  0 0 0
1773149533.2616 Rx ;89svo 1 0 200  0 0 0  0 0 0  0 0 0  0 0 0
1773149533.3115 Rx ;89svo 1 0 200  0 0 0  0 0 0  0 0 0  0 0 0
1773149533.3614 Rx ;89svo 1 0 200  0 0 0  0 0 0  0 0 0  0 0 0
1773149533.3753 Txd ;35alive
1773149533.4120 Rx ;89svo 1 0 200  0 0 0  0 0 0  0 0 0  0 0 0
1773149533.4620 Rx ;89svo 1 0 200  0 0 0  0 0 0  0 0 0  0 0 0
1773149533.5120 Rx ;89svo 1 0 200  0 0 0  0 0 0  0 0 0  0 0 0
1773149533.5622 Rx ;89svo 1 0 200  0 0 0  0 0 0  0 0 0  0 0 0
1773149533.6116 Rx ;89svo 1 0 200  0 0 0  0 0 0  0 0 0  0 0 0
1773149533.6615 Rx ;89svo 1 0 200  0 0 0  0 0 0  0 0 0  0 0 0
1773149533.7114 Rx ;89svo 1 0 200  0 0 0  0 0 0  0 0 0  0 0 0
1773149533.7613 Rx ;89svo 1 0 200  0 0 0  0 0 0  0 0 0  0 0 0
1773149533.8122 Rx ;89svo 1 0 200  0 0 0  0 0 0  0 0 0  0 0 0
1773149533.8621 Rx ;89svo 1 0 200  0 0 0  0 0 0  0 0 0  0 0 0
1773149533.9120 Rx ;89svo 1 0 200  0 0 0  0 0 0  0 0 0  0 0 0
1773149533.9619 Rx ;89svo 1 0 200  0 0 0  0 0 0  0 0 0  0 0 0
1773149534.0123 Rx ;89svo 1 0 200  0 0 0  0 0 0  0 0 0  0 0 0
1773149534.0622 Rx ;89svo 1 0 200  0 0 0  0 0 0  0 0 0  0 0 0
1773149534.1122 Rx ;89svo 1 0 200  0 0 0  0 0 0  0 0 0  0 0 0
1773149534.1621 Rx ;89svo 1 0 200  0 0 0  0 0 0  0 0 0  0 0 0
1773149534.2115 Rx ;89svo 1 0 200  0 0 0  0 0 0  0 0 0  0 0 0
1773149534.2615 Rx ;89svo 1 0 200  0 0 0  0 0 0  0 0 0  0 0 0
1773149534.2764 Txd ;35alive
1773149534.3120 Rx ;89svo 1 0 200  0 0 0  0 0 0  0 0 0  0 0 0
1773149534.3619 Rx ;89svo 1 0 200  0 0 0  0 0 0  0 0 0  0 0 0
1773149534.4122 Rx ;89svo 1 0 200  0 0 0  0 0 0  0 0 0  0 0 0
1773149534.4622 Rx ;89svo 1 0 200  0 0 0  0 0 0  0 0 0  0 0 0
1773149534.5121 Rx ;89svo 1 0 200  0 0 0  0 0 0  0 0 0  0 0 0
1773149534.5621 Rx ;89svo 1 0 200  0 0 0  0 0 0  0 0 0  0 0 0
1773149534.6122 Rx ;89svo 1 0 200  0 0 0  0 0 0  0 0 0  0 0 0
1773149534.6621 Rx ;89svo 1 0 200  0 0 0  0 0 0  0 0 0  0 0 0
1773149534.7120 Rx ;89svo 1 0 200  0 0 0  0 0 0  0 0 0  0 0 0
1773149534.7619 Rx ;89svo 1 0 200  0 0 0  0 0 0  0 0 0  0 0 0
1773149534.8121 Rx ;89svo 1 0 200  0 0 0  0 0 0  0 0 0  0 0 0
1773149534.8620 Rx ;89svo 1 0 200  0 0 0  0 0 0  0 0 0  0 0 0
1773149534.9120 Rx ;89svo 1 0 200  0 0 0  0 0 0  0 0 0  0 0 0
1773149534.9619 Rx ;89svo 1 0 200  0 0 0  0 0 0  0 0 0  0 0 0
1773149535.0122 Rx ;89svo 1 0 200  0 0 0  0 0 0  0 0 0  0 0 0
1773149535.0621 Rx ;89svo 1 0 200  0 0 0  0 0 0  0 0 0  0 0 0
1773149535.1121 Rx ;89svo 1 0 200  0 0 0  0 0 0  0 0 0  0 0 0
1773149535.1620 Rx ;89svo 1 0 200  0 0 0  0 0 0  0 0 0  0 0 0
1773149535.1771 Txd ;35alive
1773149535.2117 Rx ;89svo 1 0 200  0 0 0  0 0 0  0 0 0  0 0 0
1773149535.2616 Rx ;89svo 1 0 200  0 0 0  0 0 0  0 0 0  0 0 0
1773149535.3115 Rx ;89svo 1 0 200  0 0 0  0 0 0  0 0 0  0 0 0
1773149535.3614 Rx ;89svo 1 0 200  0 0 0  0 0 0  0 0 0  0 0 0
1773149535.4123 Rx ;89svo 1 0 200  0 0 0  0 0 0  0 0 0  0 0 0
1773149535.4622 Rx ;89svo 1 0 200  0 0 0  0 0 0  0 0 0  0 0 0
1773149535.5120 Rx ;89svo 1 0 200  0 0 0  0 0 0  0 0 0  0 0 0
1773149535.5620 Rx ;89svo 1 0 200  0 0 0  0 0 0  0 0 0  0 0 0
1773149535.6123 Rx ;89svo 1 0 200  0 0 0  0 0 0  0 0 0  0 0 0
1773149535.6623 Rx ;89svo 1 0 200  0 0 0  0 0 0  0 0 0  0 0 0
1773149535.7122 Rx ;89svo 1 0 200  0 0 0  0 0 0  0 0 0  0 0 0
1773149535.7622 Rx ;89svo 1 0 200  0 0 0  0 0 0  0 0 0  0 0 0
1773149535.8121 Rx ;89svo 1 0 200  0 0 0  0 0 0  0 0 0  0 0 0
1773149535.8621 Rx ;89svo 1 0 200  0 0 0  0 0 0  0 0 0  0 0 0
1773149535.9120 Rx ;89svo 1 0 200  0 0 0  0 0 0  0 0 0  0 0 0
1773149535.9620 Rx ;89svo 1 0 200  0 0 0  0 0 0  0 0 0  0 0 0
1773149536.0120 Rx ;89svo 1 0 200  0 0 0  0 0 0  0 0 0  0 0 0
1773149536.0620 Rx ;89svo 1 0 200  0 0 0  0 0 0  0 0 0  0 0 0
1773149536.0780 Txd ;35alive
1773149536.1114 Rx ;89svo 1 0 200  0 0 0  0 0 0  0 0 0  0 0 0
1773149536.1624 Rx ;89svo 1 0 200  0 0 0  0 0 0  0 0 0  0 0 0
1773149536.2115 Rx ;89svo 1 0 200  0 0 0  0 0 0  0 0 0  0 0 0
1773149536.2624 Rx ;89svo 1 0 200  0 0 0  0 0 0  0 0 0  0 0 0
1773149536.3123 Rx ;89svo 1 0 200  0 0 0  0 0 0  0 0 0  0 0 0
1773149536.3622 Rx ;89svo 1 0 200  0 0 0  0 0 0  0 0 0  0 0 0
1773149536.4122 Rx ;89svo 1 0 200  0 0 0  0 0 0  0 0 0  0 0 0
1773149536.4622 Rx ;89svo 1 0 200  0 0 0  0 0 0  0 0 0  0 0 0
1773149536.5121 Rx ;89svo 1 0 200  0 0 0  0 0 0  0 0 0  0 0 0
1773149536.5620 Rx ;89svo 1 0 200  0 0 0  0 0 0  0 0 0  0 0 0
1773149536.6120 Rx ;89svo 1 0 200  0 0 0  0 0 0  0 0 0  0 0 0
1773149536.6624 Rx ;89svo 1 0 200  0 0 0  0 0 0  0 0 0  0 0 0
1773149536.7124 Rx ;89svo 1 0 200  0 0 0  0 0 0  0 0 0  0 0 0
1773149536.7625 Rx ;89svo 1 0 200  0 0 0  0 0 0  0 0 0  0 0 0
1773149536.8118 Rx ;89svo 1 0 200  0 0 0  0 0 0  0 0 0  0 0 0
1773149536.8621 Rx ;89svo 1 0 200  0 0 0  0 0 0  0 0 0  0 0 0
1773149536.9121 Rx ;89svo 1 0 200  0 0 0  0 0 0  0 0 0  0 0 0
1773149536.9620 Rx ;89svo 1 0 200  0 0 0  0 0 0  0 0 0  0 0 0
1773149536.9794 Txd ;35alive
1773149537.0124 Rx ;89svo 1 0 200  0 0 0  0 0 0  0 0 0  0 0 0
1773149537.0615 Rx ;89svo 1 0 200  0 0 0  0 0 0  0 0 0  0 0 0
1773149537.1125 Rx ;89svo 1 0 200  0 0 0  0 0 0  0 0 0  0 0 0
1773149537.1625 Rx ;89svo 1 0 200  0 0 0  0 0 0  0 0 0  0 0 0
1773149537.2118 Rx ;89svo 1 0 200  0 0 0  0 0 0  0 0 0  0 0 0
1773149537.2617 Rx ;89svo 1 0 200  0 0 0  0 0 0  0 0 0  0 0 0
1773149537.3122 Rx ;89svo 1 0 200  0 0 0  0 0 0  0 0 0  0 0 0
1773149537.3621 Rx ;89svo 1 0 200  0 0 0  0 0 0  0 0 0  0 0 0
1773149537.4122 Rx ;89svo 1 0 200  0 0 0  0 0 0  0 0 0  0 0 0
1773149537.4621 Rx ;89svo 1 0 200  0 0 0  0 0 0  0 0 0  0 0 0
1773149537.5120 Rx ;89svo 1 0 200  0 0 0  0 0 0  0 0 0  0 0 0
1773149537.5620 Rx ;89svo 1 0 200  0 0 0  0 0 0  0 0 0  0 0 0
1773149537.6121 Rx ;89svo 1 0 200  0 0 0  0 0 0  0 0 0  0 0 0
1773149537.6620 Rx ;89svo 1 0 200  0 0 0  0 0 0  0 0 0  0 0 0
1773149537.7119 Rx ;89svo 1 0 200  0 0 0  0 0 0  0 0 0  0 0 0
1773149537.7619 Rx ;89svo 1 0 200  0 0 0  0 0 0  0 0 0  0 0 0
1773149537.8121 Rx ;89svo 1 0 200  0 0 0  0 0 0  0 0 0  0 0 0
1773149537.8621 Rx ;89svo 1 0 200  0 0 0  0 0 0  0 0 0  0 0 0
1773149537.8802 Txd ;35alive
1773149537.9115 Rx ;89svo 1 0 200  0 0 0  0 0 0  0 0 0  0 0 0
1773149537.9625 Rx ;89svo 1 0 200  0 0 0  0 0 0  0 0 0  0 0 0
1773149538.0116 Rx ;89svo 1 0 200  0 0 0  0 0 0  0 0 0  0 0 0
1773149538.0626 Rx ;89svo 1 0 200  0 0 0  0 0 0  0 0 0  0 0 0
1773149538.1125 Rx ;89svo 1 0 200  0 0 0  0 0 0  0 0 0  0 0 0
1773149538.1624 Rx ;89svo 1 0 200  0 0 0  0 0 0  0 0 0  0 0 0
1773149538.2124 Rx ;89svo 1 0 200  0 0 0  0 0 0  0 0 0  0 0 0
1773149538.2623 Rx ;89svo 1 0 200  0 0 0  0 0 0  0 0 0  0 0 0
1773149538.3123 Rx ;89svo 1 0 200  0 0 0  0 0 0  0 0 0  0 0 0
1773149538.3622 Rx ;89svo 1 0 200  0 0 0  0 0 0  0 0 0  0 0 0
1773149538.4122 Rx ;89svo 1 0 200  0 0 0  0 0 0  0 0 0  0 0 0
1773149538.4621 Rx ;89svo 1 0 200  0 0 0  0 0 0  0 0 0  0 0 0
1773149538.5120 Rx ;89svo 1 0 200  0 0 0  0 0 0  0 0 0  0 0 0
1773149538.5619 Rx ;89svo 1 0 200  0 0 0  0 0 0  0 0 0  0 0 0
1773149538.6124 Rx ;89svo 1 0 200  0 0 0  0 0 0  0 0 0  0 0 0
1773149538.6623 Rx ;89svo 1 0 200  0 0 0  0 0 0  0 0 0  0 0 0
1773149538.7122 Rx ;89svo 1 0 200  0 0 0  0 0 0  0 0 0  0 0 0
1773149538.7620 Rx ;89svo 1 0 200  0 0 0  0 0 0  0 0 0  0 0 0
1773149538.7813 Txd ;35alive
1773149538.8126 Rx ;89svo 1 0 200  0 0 0  0 0 0  0 0 0  0 0 0
1773149538.8625 Rx ;89svo 1 0 200  0 0 0  0 0 0  0 0 0  0 0 0
1773149538.9123 Rx ;89svo 1 0 200  0 0 0  0 0 0  0 0 0  0 0 0
1773149538.9623 Rx ;89svo 1 0 200  0 0 0  0 0 0  0 0 0  0 0 0
1773149539.0124 Rx ;89svo 1 0 200  0 0 0  0 0 0  0 0 0  0 0 0
1773149539.0623 Rx ;89svo 1 0 200  0 0 0  0 0 0  0 0 0  0 0 0
1773149539.1123 Rx ;89svo 1 0 200  0 0 0  0 0 0  0 0 0  0 0 0
1773149539.1622 Rx ;89svo 1 0 200  0 0 0  0 0 0  0 0 0  0 0 0
1773149539.2122 Rx ;89svo 1 0 200  0 0 0  0 0 0  0 0 0  0 0 0
1773149539.2621 Rx ;89svo 1 0 200  0 0 0  0 0 0  0 0 0  0 0 0
1773149539.3120 Rx ;89svo 1 0 200  0 0 0  0 0 0  0 0 0  0 0 0
1773149539.3619 Rx ;89svo 1 0 200  0 0 0  0 0 0  0 0 0  0 0 0
1773149539.4121 Rx ;89svo 1 0 200  0 0 0  0 0 0  0 0 0  0 0 0
1773149539.4621 Rx ;89svo 1 0 200  0 0 0  0 0 0  0 0 0  0 0 0
1773149539.5120 Rx ;89svo 1 0 200  0 0 0  0 0 0  0 0 0  0 0 0
1773149539.5620 Rx ;89svo 1 0 200  0 0 0  0 0 0  0 0 0  0 0 0
1773149539.6123 Rx ;89svo 1 0 200  0 0 0  0 0 0  0 0 0  0 0 0
1773149539.6623 Rx ;89svo 1 0 200  0 0 0  0 0 0  0 0 0  0 0 0
1773149539.6825 Txd ;35alive
1773149539.7117 Rx ;89svo 1 0 200  0 0 0  0 0 0  0 0 0  0 0 0
1773149539.7617 Rx ;89svo 1 0 200  0 0 0  0 0 0  0 0 0  0 0 0
1773149539.8119 Rx ;89svo 1 0 200  0 0 0  0 0 0  0 0 0  0 0 0
1773149539.8619 Rx ;89svo 1 0 200  0 0 0  0 0 0  0 0 0  0 0 0
1773149539.9118 Rx ;89svo 1 0 200  0 0 0  0 0 0  0 0 0  0 0 0
1773149539.9617 Rx ;89svo 1 0 200  0 0 0  0 0 0  0 0 0  0 0 0
1773149540.0118 Rx ;89svo 1 0 200  0 0 0  0 0 0  0 0 0  0 0 0
1773149540.0617 Rx ;89svo 1 0 200  0 0 0  0 0 0  0 0 0  0 0 0
1773149540.1126 Rx ;89svo 1 0 200  0 0 0  0 0 0  0 0 0  0 0 0
1773149540.1624 Rx ;89svo 1 0 200  0 0 0  0 0 0  0 0 0  0 0 0
1773149540.2124 Rx ;89svo 1 0 200  0 0 0  0 0 0  0 0 0  0 0 0
1773149540.2623 Rx ;89svo 1 0 200  0 0 0  0 0 0  0 0 0  0 0 0
1773149540.3122 Rx ;89svo 1 0 200  0 0 0  0 0 0  0 0 0  0 0 0
1773149540.3620 Rx ;89svo 1 0 200  0 0 0  0 0 0  0 0 0  0 0 0
1773149540.4120 Rx ;89svo 1 0 200  0 0 0  0 0 0  0 0 0  0 0 0
1773149540.4618 Rx ;89svo 1 0 200  0 0 0  0 0 0  0 0 0  0 0 0
1773149540.5118 Rx ;89svo 1 0 200  0 0 0  0 0 0  0 0 0  0 0 0
1773149540.5618 Rx ;89svo 1 0 200  0 0 0  0 0 0  0 0 0  0 0 0
1773149540.5832 Txd ;35alive
1773149540.6125 Rx ;89svo 1 0 200  0 0 0  0 0 0  0 0 0  0 0 0
1773149540.6624 Rx ;89svo 1 0 200  0 0 0  0 0 0  0 0 0  0 0 0
1773149540.7123 Rx ;89svo 1 0 200  0 0 0  0 0 0  0 0 0  0 0 0
1773149540.7622 Rx ;89svo 1 0 200  0 0 0  0 0 0  0 0 0  0 0 0
1773149540.8122 Rx ;89svo 1 0 200  0 0 0  0 0 0  0 0 0  0 0 0
1773149540.8622 Rx ;89svo 1 0 200  0 0 0  0 0 0  0 0 0  0 0 0
1773149540.9121 Rx ;89svo 1 0 200  0 0 0  0 0 0  0 0 0  0 0 0
1773149540.9620 Rx ;89svo 1 0 200  0 0 0  0 0 0  0 0 0  0 0 0
1773149541.0122 Rx ;89svo 1 0 200  0 0 0  0 0 0  0 0 0  0 0 0
1773149541.0622 Rx ;89svo 1 0 200  0 0 0  0 0 0  0 0 0  0 0 0
1773149541.1121 Rx ;89svo 1 0 200  0 0 0  0 0 0  0 0 0  0 0 0
1773149541.1620 Rx ;89svo 1 0 200  0 0 0  0 0 0  0 0 0  0 0 0
1773149541.2120 Rx ;89svo 1 0 200  0 0 0  0 0 0  0 0 0  0 0 0
1773149541.2619 Rx ;89svo 1 0 200  0 0 0  0 0 0  0 0 0  0 0 0
1773149541.3119 Rx ;89svo 1 0 200  0 0 0  0 0 0  0 0 0  0 0 0
1773149541.3618 Rx ;89svo 1 0 200  0 0 0  0 0 0  0 0 0  0 0 0
1773149541.4128 Rx ;89svo 1 0 200  0 0 0  0 0 0  0 0 0  0 0 0
1773149541.4627 Rx ;89svo 1 0 200  0 0 0  0 0 0  0 0 0  0 0 0
1773149541.4840 Txd ;35alive
1773149541.5121 Rx ;89svo 1 0 200  0 0 0  0 0 0  0 0 0  0 0 0
1773149541.5620 Rx ;89svo 1 0 200  0 0 0  0 0 0  0 0 0  0 0 0
1773149541.6118 Rx ;89svo 1 0 200  0 0 0  0 0 0  0 0 0  0 0 0
1773149541.6619 Rx ;89svo 1 0 200  0 0 0  0 0 0  0 0 0  0 0 0
1773149541.7127 Rx ;89svo 1 0 200  0 0 0  0 0 0  0 0 0  0 0 0
1773149541.7627 Rx ;89svo 1 0 200  0 0 0  0 0 0  0 0 0  0 0 0
1773149541.8120 Rx ;89svo 1 0 200  0 0 0  0 0 0  0 0 0  0 0 0
1773149541.8624 Rx ;89svo 1 0 200  0 0 0  0 0 0  0 0 0  0 0 0
1773149541.9125 Rx ;89svo 1 0 200  0 0 0  0 0 0  0 0 0  0 0 0
1773149541.9624 Rx ;89svo 1 0 200  0 0 0  0 0 0  0 0 0  0 0 0
1773149542.0122 Rx ;89svo 1 0 200  0 0 0  0 0 0  0 0 0  0 0 0
1773149542.0625 Rx ;89svo 1 0 200  0 0 0  0 0 0  0 0 0  0 0 0
1773149542.1128 Rx ;89svo 1 0 200  0 0 0  0 0 0  0 0 0  0 0 0
1773149542.1629 Rx ;89svo 1 0 200  0 0 0  0 0 0  0 0 0  0 0 0
1773149542.2125 Rx ;89svo 1 0 200  0 0 0  0 0 0  0 0 0  0 0 0
1773149542.2628 Rx ;89svo 1 0 200  0 0 0  0 0 0  0 0 0  0 0 0
1773149542.3127 Rx ;89svo 1 0 200  0 0 0  0 0 0  0 0 0  0 0 0
1773149542.3627 Rx ;89svo 1 0 200  0 0 0  0 0 0  0 0 0  0 0 0
1773149542.3855 Txd ;35alive
1773149542.4126 Rx ;89svo 1 0 200  0 0 0  0 0 0  0 0 0  0 0 0
1773149542.4626 Rx ;89svo 1 0 200  0 0 0  0 0 0  0 0 0  0 0 0
1773149542.5120 Rx ;89svo 1 0 200  0 0 0  0 0 0  0 0 0  0 0 0
1773149542.5619 Rx ;89svo 1 0 200  0 0 0  0 0 0  0 0 0  0 0 0
1773149542.6120 Rx ;89svo 1 0 200  0 0 0  0 0 0  0 0 0  0 0 0
1773149542.6620 Rx ;89svo 1 0 200  0 0 0  0 0 0  0 0 0  0 0 0
1773149542.7119 Rx ;89svo 1 0 200  0 0 0  0 0 0  0 0 0  0 0 0
1773149542.7619 Rx ;89svo 1 0 200  0 0 0  0 0 0  0 0 0  0 0 0
1773149542.8119 Rx ;89svo 1 0 200  0 0 0  0 0 0  0 0 0  0 0 0
1773149542.8628 Rx ;89svo 1 0 200  0 0 0  0 0 0  0 0 0  0 0 0
1773149542.9127 Rx ;89svo 1 0 200  0 0 0  0 0 0  0 0 0  0 0 0
1773149542.9625 Rx ;89svo 1 0 200  0 0 0  0 0 0  0 0 0  0 0 0
1773149543.0126 Rx ;89svo 1 0 200  0 0 0  0 0 0  0 0 0  0 0 0
1773149543.0626 Rx ;89svo 1 0 200  0 0 0  0 0 0  0 0 0  0 0 0
1773149543.1125 Rx ;89svo 1 0 200  0 0 0  0 0 0  0 0 0  0 0 0
1773149543.1624 Rx ;89svo 1 0 200  0 0 0  0 0 0  0 0 0  0 0 0
1773149543.2123 Rx ;89svo 1 0 200  0 0 0  0 0 0  0 0 0  0 0 0
1773149543.2622 Rx ;89svo 1 0 200  0 0 0  0 0 0  0 0 0  0 0 0
1773149543.2872 Txd ;35alive
1773149543.3121 Rx ;89svo 1 0 200  0 0 0  0 0 0  0 0 0  0 0 0
1773149543.3620 Rx ;89svo 1 0 200  0 0 0  0 0 0  0 0 0  0 0 0
1773149543.4122 Rx ;89svo 1 0 200  0 0 0  0 0 0  0 0 0  0 0 0
1773149543.4622 Rx ;89svo 1 0 200  0 0 0  0 0 0  0 0 0  0 0 0
1773149543.5121 Rx ;89svo 1 0 200  0 0 0  0 0 0  0 0 0  0 0 0
1773149543.5620 Rx ;89svo 1 0 200  0 0 0  0 0 0  0 0 0  0 0 0
1773149543.6120 Rx ;89svo 1 0 200  0 0 0  0 0 0  0 0 0  0 0 0
1773149543.6619 Rx ;89svo 1 0 200  0 0 0  0 0 0  0 0 0  0 0 0
1773149543.7120 Rx ;89svo 1 0 200  0 0 0  0 0 0  0 0 0  0 0 0
1773149543.7620 Rx ;89svo 1 0 200  0 0 0  0 0 0  0 0 0  0 0 0
1773149543.8120 Rx ;89svo 1 0 200  0 0 0  0 0 0  0 0 0  0 0 0
1773149543.8375 Qu 1 ;41!servo 1 0 200
1773149543.8375 Qu 2 ;92!stop
1773149543.8377 Txd ;21motv 0 0
1773149544.6357 Txd ;31leave
1773149544.6363 Txd ;44disp stopped
