% Servo logfile (Teensy 0)
% 1 	Time (sec)
% 2 	Servo number
% 3 	Requested position
% 4,5,6 	Enabled, position, velocity
0.000 0 0 0 0 0
1773149509.707 1 0 0 0 0
1773149509.707 2 0 0 0 0
1773149519.010 0 400 1 6 200
1773149519.060 0 400 1 56 200
1773149519.110 0 400 1 106 200
1773149519.160 0 400 1 156 200
1773149519.210 0 400 1 206 200
1773149519.260 0 400 1 256 200
1773149519.311 0 400 1 306 200
1773149519.360 0 400 1 356 200
1773149519.410 0 400 1 400 200
1773149521.110 0 0 1 374 200
1773149521.160 0 0 1 324 200
1773149521.211 0 0 1 274 200
1773149521.260 0 0 1 224 200
1773149521.310 0 0 1 174 200
1773149521.360 0 0 1 124 200
1773149521.410 0 0 1 74 200
1773149521.464 0 0 1 24 200
1773149521.510 0 0 1 0 200
1773149525.511 0 200 1 42 200
1773149525.562 0 200 1 92 200
1773149525.611 0 200 1 142 200
1773149525.661 0 200 1 192 200
1773149525.712 0 200 1 200 200
1773149527.061 0 400 1 228 200
1773149527.111 0 400 1 278 200
1773149527.161 0 400 1 328 200
1773149527.211 0 400 1 378 200
1773149527.261 0 400 1 400 200
1773149528.861 0 0 1 358 200
1773149528.911 0 0 1 308 200
1773149528.962 0 0 1 258 200
1773149529.011 0 0 1 208 200
1773149529.062 0 0 1 158 200
1773149529.112 0 0 1 108 200
1773149529.161 0 0 1 58 200
1773149529.211 0 0 1 8 200
1773149529.261 0 0 1 0 200
